#Time;Degrees
0.000000;0.000000000
0.010000;0.000000000
0.020000;0.000000000
0.030000;0.000000000
0.040000;0.000000000
0.050000;0.000000000
0.060000;0.000000000
0.070000;0.000000000
0.080000;0.000000000
0.090000;0.000000000
0.100000;0.000000000
0.110000;0.000000000
0.120000;0.000000000
0.130000;0.000000000
0.140000;0.000000000
0.150000;0.000000000
0.160000;0.000000000
0.170000;0.000000000
0.180000;0.000000000
0.190000;0.000000000
0.200000;0.000000000
0.210000;0.000000000
0.220000;0.000000000
0.230000;0.000000000
0.240000;0.000000000
0.250000;0.000000000
0.260000;0.000000000
0.270000;0.000000000
0.280000;0.000000000
0.290000;0.000000000
0.300000;0.000000000
0.310000;0.000000000
0.320000;0.000000000
0.330000;0.000000000
0.340000;0.000000000
0.350000;0.000000000
0.360000;0.000000000
0.370000;0.000000000
0.380000;0.000000000
0.390000;0.000000000
0.400000;0.000000000
0.410000;0.000000000
0.420000;0.000000000
0.430000;0.000000000
0.440000;0.000000000
0.450000;0.000000000
0.460000;0.000000000
0.470000;0.000000000
0.480000;0.000000000
0.490000;0.000000000
0.500000;0.000000000
0.510000;-0.024657402
0.520000;-0.098606448
0.530000;-0.221777675
0.540000;-0.394055385
0.550000;-0.615277752
0.560000;-0.885236974
0.570000;-1.203679473
0.580000;-1.570306125
0.590000;-1.984772546
0.600000;-2.446689417
0.610000;-2.955622845
0.620000;-3.511094774
0.630000;-4.112583432
0.640000;-4.759523824
0.650000;-5.451308260
0.660000;-6.187286924
0.670000;-6.966768492
0.680000;-7.789020773
0.690000;-8.653271401
0.700000;-9.558708560
0.710000;-10.504481745
0.720000;-11.489702565
0.730000;-12.513445572
0.740000;-13.574749133
0.750000;-14.672616336
0.760000;-15.806015920
0.770000;-16.973883251
0.780000;-18.175121315
0.790000;-19.408601754
0.800000;-20.673165924
0.810000;-21.967625982
0.820000;-23.290766003
0.830000;-24.641343122
0.840000;-26.018088703
0.850000;-27.419709528
0.860000;-28.844889012
0.870000;-30.292288443
0.880000;-31.760548235
0.890000;-33.248289208
0.900000;-34.754113884
0.910000;-36.276607795
0.920000;-37.814340820
0.930000;-39.365868519
0.940000;-40.929733497
0.950000;-42.504466769
0.960000;-44.088589141
0.970000;-45.680612601
0.980000;-47.279041713
0.990000;-48.882375026
1.000000;-50.489106481
1.010000;-52.097726828
1.020000;-53.706725043
1.030000;-55.314589744
1.040000;-56.919810618
1.050000;-58.520879833
1.060000;-60.116293458
1.070000;-61.704552872
1.080000;-63.284166177
1.090000;-64.853649596
1.100000;-66.411528865
1.110000;-67.956340624
1.120000;-69.486633784
1.130000;-71.000970895
1.140000;-72.497929497
1.150000;-73.976103451
1.160000;-75.434104266
1.170000;-76.870562397
1.180000;-78.284128536
1.190000;-79.673474881
1.200000;-81.037296375
1.210000;-82.374311942
1.220000;-83.683265683
1.230000;-84.962928058
1.240000;-86.212097044
1.250000;-87.429599259
1.260000;-88.614291066
1.270000;-89.765059650
1.280000;-90.880824061
1.290000;-91.960536226
1.300000;-93.003181941
1.310000;-94.007781817
1.320000;-94.973392205
1.330000;-95.899106077
1.340000;-96.784053884
1.350000;-97.627404367
1.360000;-98.428365343
1.370000;-99.186184444
1.380000;-99.900149830
1.390000;-100.569590852
1.400000;-101.193878683
1.410000;-101.772426911
1.420000;-102.304692090
1.430000;-102.790174246
1.440000;-103.228417352
1.450000;-103.619009754
1.460000;-103.961584555
1.470000;-104.255819966
1.480000;-104.501439602
1.490000;-104.698212746
1.500000;-104.845954562
1.510000;-104.944526273
1.520000;-104.993835287
1.530000;-105.000000000
1.540000;-105.000000000
1.550000;-105.000000000
1.560000;-105.000000000
1.570000;-105.000000000
1.580000;-105.000000000
1.590000;-105.000000000
1.600000;-105.000000000
1.610000;-105.000000000
1.620000;-105.000000000
1.630000;-105.000000000
1.640000;-105.000000000
1.650000;-105.000000000
1.660000;-105.000000000
1.670000;-105.000000000
1.680000;-105.000000000
1.690000;-105.000000000
1.700000;-105.000000000
1.710000;-105.000000000
1.720000;-105.000000000
1.730000;-105.000000000
1.740000;-105.000000000
1.750000;-105.000000000
1.760000;-105.000000000
1.770000;-105.000000000
1.780000;-105.000000000
1.790000;-105.000000000
1.800000;-105.000000000
1.810000;-105.000000000
1.820000;-105.000000000
1.830000;-105.000000000
1.840000;-105.000000000
1.850000;-105.000000000
1.860000;-105.000000000
1.870000;-105.000000000
1.880000;-105.000000000
1.890000;-105.000000000
1.900000;-105.000000000
1.910000;-105.000000000
1.920000;-105.000000000
1.930000;-105.000000000
1.940000;-105.000000000
1.950000;-105.000000000
1.960000;-105.000000000
1.970000;-105.000000000
1.980000;-105.000000000
1.990000;-105.000000000
2.000000;-105.000000000
2.010000;-105.000000000
2.020000;-105.000000000
2.030000;-105.000000000
2.040000;-105.000000000
2.050000;-105.000000000
2.060000;-105.000000000
2.070000;-105.000000000
2.080000;-105.000000000
2.090000;-105.000000000
2.100000;-105.000000000
2.110000;-105.000000000
2.120000;-105.000000000
2.130000;-105.000000000
2.140000;-105.000000000
2.150000;-105.000000000
2.160000;-105.000000000
2.170000;-105.000000000
2.180000;-105.000000000
2.190000;-105.000000000
2.200000;-105.000000000
2.210000;-105.000000000
2.220000;-105.000000000
2.230000;-105.000000000
2.240000;-105.000000000
2.250000;-105.000000000
2.260000;-105.000000000
2.270000;-105.000000000
2.280000;-105.000000000
2.290000;-105.000000000
2.300000;-105.000000000
2.310000;-105.000000000
2.320000;-105.000000000
2.330000;-105.000000000
2.340000;-105.000000000
2.350000;-105.000000000
2.360000;-105.000000000
2.370000;-105.000000000
2.380000;-105.000000000
2.390000;-105.000000000
2.400000;-105.000000000
2.410000;-105.000000000
2.420000;-105.000000000
2.430000;-105.000000000
2.440000;-105.000000000
2.450000;-105.000000000
2.460000;-105.000000000
2.470000;-105.000000000
2.480000;-105.000000000
2.490000;-105.000000000
2.500000;-105.000000000
