0.0	0.00
0.0200000000000000008	0.0000004988316289723255855
0.0400000000000000024	0.000003981795759242397580
0.0600000000000000088	0.00001338883900033081485
0.080000000000000008	0.00003157200404985535035
0.1000	0.00006125264295944335535
0.120000000000000016	0.000104980016227309105
0.140000000000000016	0.0001650917190490413355
0.160000000000000008	0.000243676358634591155
0.180000000000000008	0.0003425388850208507995
0.200	0.0004631689524721638735
0.220000000000000016	0.0006067126595975625120
0.240000000000000032	0.00077394798398877285
0.260000000000000008	0.0009652641917932264705
0.280000000000000024	0.001180645464505891220
0.3000	0.001419658944742442915
0.320000000000000016	0.001681447360216048680
0.340000000000000032	0.001964726340971576420
0.360000000000000008	0.002267786499540445835
0.380000000000000024	0.002588500297484279640
0.40	0.002924333675221576760
0.420000000000000016	0.003272362375508451570
0.440000000000000032	0.003629292844901834695
0.460000000000000056	0.003991487552397475170
0.480000000000000072	0.004354994520624125435
0.5000	0.004715580822896584675
0.520000000000000016	0.005068769759475857525
0.540000000000000032	0.00540988138892824285
0.560000000000000056	0.005734076055867976960
0.580000000000000072	0.006036400524936670310
0.600	0.006311836302915318440
0.620000000000000016	0.006555349706648457925
0.640000000000000032	0.006761943214219044390
0.660000000000000056	0.00692670762074552505
0.680000000000000072	0.007044874508440313425
0.7000	0.007111868533294148795
0.720000000000000016	0.007123359028015832125
0.740000000000000032	0.007075310422703273410
0.760000000000000056	0.006964030991150298845
0.780000000000000072	0.006786219441662877055
0.8	0.00653900888668724130
0.82000000000000008	0.006220007745317847765
0.840	0.005827337156694497285
0.8600	0.005359664510215062310
0.88000000000000008	0.004816232730148590790
0.9000	0.004196884987362157630
0.92000000000000008	0.003502084549173034125
0.9400	0.002732929519474763095
0.96000000000000016	0.001891162264903654125
0.98000000000000008	0.0009791733685325969215
1.000	0.000000000000000001971681346627238330
1.02000000000000008	-0.0010426813603112972265
1.04	-0.002144567855866941575
1.06000000000000016	-0.003300748810185571210
1.08000000000000008	-0.004505729817535280315
1.1000	-0.005753462231511140255
1.12000000000000008	-0.007037377866298036670
1.1400	-0.00835042867818027840
1.16000000000000016	-0.009685131149380745380
1.18000000000000008	-0.011033615053005843905
1.20	-0.01238767623713039275
1.22000000000000008	-0.01373883302824493945
1.240	-0.01507838581975347580
1.26000000000000016	-0.01639747938026618080
1.28000000000000008	-0.01768716738936458690
1.3000	-0.01893847868557915645
1.32000000000000008	-0.02014248469272456210
1.3400	-0.02129036747666687965
1.36000000000000016	-0.02237348787518680030
1.38000000000000008	-0.02338345313895324325
1.400	-0.02431218352178862035
1.42000000000000008	-0.02515197726340525755
1.44	-0.02589557341759580585
1.46000000000000016	-0.02653621199339794760
1.48000000000000008	-0.02706769089591448880
1.5000	-0.02748441917710341360
1.52000000000000008	-0.02778146613476621790
1.5400	-0.02795460582992871965
1.56000000000000016	-0.02800035662856194340
1.58000000000000008	-0.02791601541283346640
1.6	-0.02769968614948236870
1.61999999999999992	-0.0273503025481174205
1.64000000000000024	-0.02686764458986538080
1.66000000000000016	-0.02625234875644082920
1.68000000000000008	-0.02550591184094883225
1.7000	-0.02463068827413086785
1.71999999999999992	-0.02362988095287452930
1.74000000000000024	-0.02250752561117622230
1.76000000000000016	-0.02126846882691499110
1.78000000000000008	-0.01991833981031024960
1.800	-0.01846351617134547695
1.81999999999999992	-0.01691108391330285505
1.84000000000000024	-0.015268791947440620
1.86000000000000016	-0.01354500146934628370
1.88000000000000008	-0.01174863058021931870
1.9000	-0.009889094575913870525
1.92000000000000032	-0.007976242362658459330
1.94000000000000024	-0.006020289490660004570
1.96000000000000016	-0.00403174832501133995
1.98000000000000008	-0.002021355897214914760
2.00	-0.000000000000000007886725386508954930
2.02000000000000032	0.002021355897214956390
2.04000000000000024	0.004031748325011380890
2.06000000000000016	0.006020289490660017565
2.08000000000000008	0.007976242362658472325
2.1000	0.009889094575913856495
2.12000000000000032	0.01174863058021932790
2.14000000000000024	0.01354500146934632165
2.16000000000000016	0.0152687919474406315
2.18000000000000008	0.01691108391330284010
2.200	0.01846351617134544130
2.22000000000000032	0.01991833981031027375
2.24000000000000024	0.02126846882691500260
2.26000000000000016	0.02250752561117623035
2.28000000000000008	0.02362988095287452470
2.3000	0.02463068827413085980
2.32000000000000032	0.02550591184094885525
2.34000000000000024	0.02625234875644083265
2.36000000000000016	0.02686764458986538770
2.38000000000000008	0.02735030254811741245
2.4	0.02769968614948237330
2.42000000000000032	0.02791601541283346640
2.44000000000000024	0.0280003566285619480
2.46000000000000016	0.02795460582992871505
2.48000000000000008	0.02778146613476621790
2.5000	0.02748441917710341360
2.52000000000000032	0.02706769089591448880
2.54000000000000024	0.02653621199339793955
2.56000000000000016	0.02589557341759579320
2.58000000000000008	0.02515197726340525295
2.600	0.02431218352178863185
2.62000000000000032	0.02338345313895321565
2.64000000000000024	0.02237348787518680490
2.66000000000000016	0.02129036747666687160
2.68000000000000008	0.02014248469272457015
2.7000	0.0189384786855791645
2.72000000000000032	0.01768716738936456275
2.74000000000000024	0.01639747938026616240
2.76000000000000016	0.01507838581975346660
2.78000000000000008	0.01373883302824493140
2.80	0.0123876762371303985
2.82000000000000032	0.011033615053005857820
2.84000000000000024	0.009685131149380721460
2.86000000000000016	0.008350428678180272420
2.88000000000000008	0.007037377866298037590
2.9000	0.005753462231511159230
2.92000000000000032	0.004505729817535264330
2.94000000000000024	0.003300748810185555340
2.96000000000000016	0.002144567855866933870
2.98000000000000008	0.0010426813603112904990
3.000	0.000000000000000005915044039881717060
3.02000000000000032	-0.0009791733685326162530
3.04000000000000024	-0.001891162264903641130
3.06000000000000016	-0.002732929519474768615
3.08000000000000008	-0.003502084549173038610
3.1000	-0.004196884987362152685
3.12000000000000032	-0.00481623273014860275
3.14000000000000024	-0.005359664510215067370
3.16000000000000016	-0.005827337156694499240
3.18000000000000008	-0.006220007745317849835
3.2	-0.006539008886687239230
3.22000000000000032	-0.00678621944166287510
3.23999999999999984	-0.006964030991150295855
3.26000000000000016	-0.007075310422703274445
3.28000000000000040	-0.007123359028015830055
3.3000	-0.007111868533294149830
3.32000000000000032	-0.007044874508440313425
3.33999999999999984	-0.006926707620745525970
3.36000000000000016	-0.006761943214219043355
3.38000000000000040	-0.006555349706648450910
3.400	-0.006311836302915320395
3.42000000000000032	-0.006036400524936666285
3.43999999999999984	-0.005734076055867982020
3.46000000000000016	-0.005409881388928240895
3.48000000000000040	-0.005068769759475857525
3.5000	-0.004715580822896587665
3.52000000000000032	-0.004354994520624119915
3.53999999999999984	-0.003991487552397480230
3.56000000000000016	-0.003629292844901831705
3.58000000000000040	-0.003272362375508453525
3.60	-0.002924333675221579865
3.62000000000000032	-0.002588500297484284125
3.63999999999999984	-0.002267786499540451355
3.66000000000000016	-0.001964726340971574465
3.68000000000000040	-0.001681447360216041205
3.7000	-0.001419658944742444985
3.72000000000000032	-0.001180645464505887770
3.73999999999999984	-0.0009652641917932304610
3.76000000000000016	-0.0007739479839887723555
3.78000000000000040	-0.000606712659597558395
3.800	-0.0004631689524721648165
3.82000000000000032	-0.0003425388850208490515
3.84000000000000056	-0.0002436763586345902465
3.86000000000000016	-0.0001650917190490410940
3.88000000000000040	-0.00010498001622730919815
3.9000	-0.00006125264295944365090
3.92000000000000032	-0.00003157200404985498810
3.94000000000000056	-0.00001338883900033068605
3.96000000000000016	-0.000003981795759242374695
3.98000000000000040	-0.0000004988316289723290585
4.0	0.00
4.02000000000000032	0.00
4.04000000000000056	0.00
4.06000000000000016	0.00
4.08000000000000040	0.00
4.1000	0.00
4.12000000000000032	0.00
4.14000000000000056	0.00
4.16000000000000016	0.00
4.18000000000000040	0.00
4.200	0.00
4.22000000000000032	0.00
4.24000000000000056	0.00
4.26000000000000016	0.00
4.28000000000000040	0.00
4.3000	0.00
4.32000000000000032	0.00
4.34000000000000056	0.00
4.36000000000000016	0.00
4.38000000000000040	0.00
4.40	0.00
4.42000000000000032	0.00
4.44000000000000056	0.00
4.46000000000000016	0.00
4.48000000000000040	0.00
4.5000	0.00
4.52000000000000032	0.00
4.54000000000000056	0.00
4.56000000000000016	0.00
4.58000000000000040	0.00
4.600	0.00
4.62000000000000032	0.00
4.64000000000000056	0.00
4.66000000000000016	0.00
4.68000000000000040	0.00
4.7000	0.00
4.72000000000000032	0.00
4.74000000000000056	0.00
4.76000000000000016	0.00
4.78000000000000040	0.00
4.8	0.00
4.82000000000000032	0.00
4.84000000000000056	0.00
4.86000000000000016	0.00
4.88000000000000040	0.00
4.9000	0.00
4.92000000000000032	0.00
4.94000000000000056	0.00
4.96000000000000016	0.00
4.98000000000000040	0.00
5.000	0.00
5.02000000000000032	0.00
5.04000000000000056	0.00
5.06000000000000016	0.00
5.08000000000000040	0.00
5.1000	0.00
5.12000000000000032	0.00
5.14000000000000056	0.00
5.16000000000000016	0.00
5.18000000000000040	0.00
5.20	0.00
5.22000000000000032	0.00
5.24000000000000056	0.00
5.26000000000000016	0.00
5.28000000000000040	0.00
5.3000	0.00
5.32000000000000032	0.00
5.34000000000000056	0.00
5.36000000000000016	0.00
5.38000000000000040	0.00
5.400	0.00
5.42000000000000032	0.00
5.44000000000000056	0.00
5.46000000000000016	0.00
5.48000000000000040	0.00
5.5000	0.00
5.52000000000000032	0.00
5.54000000000000056	0.00
5.56000000000000016	0.00
5.58000000000000040	0.00
5.6	0.00
5.62000000000000032	0.00
5.64000000000000056	0.00
5.66000000000000016	0.00
5.68000000000000040	0.00
5.7000	0.00
5.72000000000000032	0.00
5.74000000000000056	0.00
5.76000000000000016	0.00
5.78000000000000040	0.00
5.800	0.00
5.82000000000000032	0.00
5.84000000000000056	0.00
5.86000000000000016	0.00
5.88000000000000040	0.00
5.9000	0.00
5.92000000000000032	0.00
5.94000000000000056	0.00
5.96000000000000016	0.00
5.98000000000000040	0.00
6.00	0.00
6.02000000000000032	0.00
6.04000000000000056	0.00
6.06000000000000016	0.00
6.08000000000000040	0.00
6.1000	0.00
6.12000000000000032	0.00
6.14000000000000056	0.00
6.16000000000000016	0.00
6.18000000000000040	0.00
6.200	0.00
6.22000000000000032	0.00
6.24000000000000056	0.00
6.26000000000000016	0.00
6.28000000000000040	0.00
6.3000	0.00
6.32000000000000032	0.00
6.34000000000000056	0.00
6.36000000000000016	0.00
6.38000000000000040	0.00
6.4	0.00
6.42000000000000032	0.00
6.44000000000000056	0.00
6.46000000000000088	0.00
6.47999999999999968	0.00
6.5000	0.00
6.52000000000000032	0.00
6.54000000000000056	0.00
6.56000000000000088	0.00
6.57999999999999968	0.00
6.600	0.00
6.62000000000000032	0.00
6.64000000000000056	0.00
6.66000000000000088	0.00
6.67999999999999968	0.00
6.7000	0.00
6.72000000000000032	0.00
6.74000000000000056	0.00
6.76000000000000088	0.00
6.77999999999999968	0.00
6.80	0.00
6.82000000000000032	0.00
6.84000000000000056	0.00
6.86000000000000088	0.00
6.87999999999999968	0.00
6.9000	0.00
6.92000000000000032	0.00
6.94000000000000056	0.00
6.96000000000000088	0.00
6.97999999999999968	0.00
7.000	0.00
7.02000000000000032	0.00
7.04000000000000056	0.00
7.06000000000000088	0.00
7.07999999999999968	0.00
7.1000	0.00
7.12000000000000032	0.00
7.14000000000000056	0.00
7.16000000000000088	0.00
7.17999999999999968	0.00
7.2	0.00
7.22000000000000032	0.00
7.24000000000000056	0.00
7.26000000000000088	0.00
7.27999999999999968	0.00
7.3000	0.00
7.32000000000000032	0.00
7.34000000000000056	0.00
7.36000000000000088	0.00
7.37999999999999968	0.00
7.400	0.00
7.42000000000000032	0.00
7.44000000000000056	0.00
7.46000000000000088	0.00
7.47999999999999968	0.00
7.5000	0.00
7.52000000000000032	0.00
7.54000000000000056	0.00
7.56000000000000088	0.00
7.57999999999999968	0.00
7.60	0.00
7.62000000000000032	0.00
7.64000000000000056	0.00
7.66000000000000088	0.00
7.68000000000000112	0.00
7.7000	0.00
7.72000000000000032	0.00
7.74000000000000056	0.00
7.76000000000000088	0.00
7.78000000000000112	0.00
7.800	0.00
7.82000000000000032	0.00
7.84000000000000056	0.00
7.86000000000000088	0.00
7.88000000000000112	0.00
7.9000	0.00
7.92000000000000032	0.00
7.94000000000000056	0.00
7.96000000000000088	0.00
7.98000000000000112	0.00
8.0	0.00
8.0200	0.00
8.0400000000000008	0.00
8.0600000000000008	0.00
8.0800000000000008	0.00
8.1000	0.00
8.120	0.00
8.1400000000000008	0.00
8.1600000000000008	0.00
8.1800000000000008	0.00
8.200	0.00
8.2200	0.00
8.2400000000000008	0.00
8.2600000000000008	0.00
8.2800000000000008	0.00
8.3000	0.00
8.32	0.00
8.3400000000000008	0.00
8.3600000000000008	0.00
8.3800000000000008	0.00
8.40	0.00
8.4200	0.00
8.4400000000000008	0.00
8.4600000000000008	0.00
8.4800000000000008	0.00
8.5000	0.00
8.520	0.00
8.5400000000000008	0.00
8.5600000000000008	0.00
8.5800000000000008	0.00
8.600	0.00
8.6200	0.00
8.6400000000000008	0.00
8.6600000000000008	0.00
8.6800000000000008	0.00
8.7000	0.00
8.72	0.00
8.7400000000000008	0.00
8.7600000000000008	0.00
8.7800000000000008	0.00
8.8	0.00
8.8200	0.00
8.8400000000000008	0.00
8.8600000000000008	0.00
8.8800000000000008	0.00
8.9000	0.00
8.920	0.00
8.9400000000000008	0.00
8.9600000000000008	0.00
8.9800000000000008	0.00
9.000	0.00
9.0200	0.00
9.0400000000000008	0.00
9.0600000000000008	0.00
9.0800000000000008	0.00
9.1000	0.00
9.12	0.00
9.1400000000000008	0.00
9.1600000000000008	0.00
9.1800000000000008	0.00
9.20	0.00
9.2200	0.00
9.2400000000000008	0.00
9.2600000000000008	0.00
9.2800000000000008	0.00
9.3000	0.00
9.320	0.00
9.3400000000000008	0.00
9.3600000000000008	0.00
9.3800000000000008	0.00
9.400	0.00
9.4200	0.00
9.4400000000000008	0.00
9.4600000000000008	0.00
9.4800000000000008	0.00
9.5000	0.00
9.52	0.00
9.5400000000000008	0.00
9.5600000000000008	0.00
9.5800000000000008	0.00
9.6	0.00
9.6200	0.00
9.6400000000000008	0.00
9.6600000000000008	0.00
9.6800000000000008	0.00
9.7000	0.00
9.720	0.00
9.7400000000000008	0.00
9.7600000000000008	0.00
9.7800000000000008	0.00
9.800	0.00
9.8200	0.00
9.8400000000000008	0.00
9.8600000000000008	0.00
9.8800000000000008	0.00
9.9000	0.00
9.92	0.00
9.9400000000000008	0.00
9.9600000000000008	0.00
9.9800000000000008	0.00
10.00	0.00
10.0200	0.00
10.0400000000000008	0.00
10.0600000000000008	0.00
10.0800000000000008	0.00
10.1000	0.00
10.120	0.00
10.1400000000000008	0.00
10.1600000000000008	0.00
10.1800000000000008	0.00
10.200	0.00
10.2200	0.00
10.2400000000000008	0.00
10.2600000000000008	0.00
10.2800000000000008	0.00
10.3000	0.00
10.32	0.00
10.3400000000000008	0.00
10.3600000000000008	0.00
10.3800000000000008	0.00
10.4	0.00
10.4200	0.00
10.4400000000000008	0.00
10.4600000000000008	0.00
10.4800000000000008	0.00
10.5000	0.00
10.520	0.00
10.5400000000000008	0.00
10.5600000000000008	0.00
10.5800000000000008	0.00
10.600	0.00
10.6200	0.00
10.6400000000000008	0.00
10.6600000000000008	0.00
10.6800000000000008	0.00
10.7000	0.00
10.72	0.00
10.7400000000000008	0.00
10.7600000000000008	0.00
10.7800000000000008	0.00
10.80	0.00
10.8200	0.00
10.8400000000000008	0.00
10.8600000000000008	0.00
10.8800000000000008	0.00
10.9000	0.00
10.920	0.00
10.9400000000000008	0.00
10.9600000000000008	0.00
10.9800000000000008	0.00
11.000	0.00
11.0200	0.00
11.0400000000000008	0.00
11.0600000000000008	0.00
11.0800000000000008	0.00
11.1000	0.00
11.12	0.00
11.1400000000000008	0.00
11.1600000000000008	0.00
11.1800000000000008	0.00
11.2	0.00
11.2200	0.00
11.2400000000000008	0.00
11.2600000000000008	0.00
11.2800000000000008	0.00
11.3000	0.00
11.320	0.00
11.3400000000000008	0.00
11.3600000000000008	0.00
11.3800000000000008	0.00
11.400	0.00
11.4200	0.00
11.4400000000000008	0.00
11.4600000000000008	0.00
11.4800000000000008	0.00
11.5000	0.00
11.52	0.00
11.5400000000000008	0.00
11.5600000000000008	0.00
11.5800000000000008	0.00
11.60	0.00
11.6200	0.00
11.6400000000000008	0.00
11.6600000000000008	0.00
11.6800000000000008	0.00
11.7000	0.00
11.720	0.00
11.7400000000000008	0.00
11.7600000000000008	0.00
11.7800000000000008	0.00
11.800	0.00
11.8200	0.00
11.8400000000000008	0.00
11.8600000000000008	0.00
11.8800000000000008	0.00
11.9000	0.00
11.92	0.00
11.9400000000000008	0.00
11.9600000000000008	0.00
11.9800000000000008	0.00
12.0	0.00
12.0200	0.00
12.0400000000000008	0.00
12.0600000000000008	0.00
12.0800000000000008	0.00
12.1000	0.00
12.120	0.00
12.1400000000000008	0.00
12.1600000000000008	0.00
12.1800000000000008	0.00
12.200	0.00
12.2200	0.00
12.2400000000000008	0.00
12.2600000000000008	0.00
12.2800000000000008	0.00
12.3000	0.00
12.32	0.00
12.3400000000000008	0.00
12.3600000000000008	0.00
12.3800000000000008	0.00
12.40	0.00
12.4200	0.00
12.4400000000000008	0.00
12.4600000000000008	0.00
12.4800000000000008	0.00
12.5000	0.00
12.520	0.00
12.5400000000000008	0.00
12.5600000000000008	0.00
12.5800000000000008	0.00
12.600	0.00
12.6200	0.00
12.6400000000000008	0.00
12.6600000000000008	0.00
12.6800000000000008	0.00
12.7000	0.00
12.72	0.00
12.7400000000000008	0.00
12.7600000000000008	0.00
12.7800000000000008	0.00
12.8	0.00
