#Time;Degrees
0.000000;0.000000000
0.005000;0.000000000
0.010000;0.000000000
0.015000;0.000000000
0.020000;0.000000000
0.025000;0.000000000
0.030000;0.000000000
0.035000;0.000000000
0.040000;0.000000000
0.045000;0.000000000
0.050000;0.000000000
0.055000;0.000000000
0.060000;0.000000000
0.065000;0.000000000
0.070000;0.000000000
0.075000;0.000000000
0.080000;0.000000000
0.085000;0.000000000
0.090000;0.000000000
0.095000;0.000000000
0.100000;0.000000000
0.105000;0.000000000
0.110000;0.000000000
0.115000;0.000000000
0.120000;0.000000000
0.125000;0.000000000
0.130000;0.000000000
0.135000;0.000000000
0.140000;0.000000000
0.145000;0.000000000
0.150000;0.000000000
0.155000;0.000000000
0.160000;0.000000000
0.165000;0.000000000
0.170000;0.000000000
0.175000;0.000000000
0.180000;0.000000000
0.185000;0.000000000
0.190000;0.000000000
0.195000;0.000000000
0.200000;0.000000000
0.205000;0.000000000
0.210000;0.000000000
0.215000;0.000000000
0.220000;0.000000000
0.225000;0.000000000
0.230000;0.000000000
0.235000;0.000000000
0.240000;0.000000000
0.245000;0.000000000
0.250000;0.000000000
0.255000;0.000000000
0.260000;0.000000000
0.265000;0.000000000
0.270000;0.000000000
0.275000;0.000000000
0.280000;0.000000000
0.285000;0.000000000
0.290000;0.000000000
0.295000;0.000000000
0.300000;0.000000000
0.305000;0.000000000
0.310000;0.000000000
0.315000;0.000000000
0.320000;0.000000000
0.325000;0.000000000
0.330000;0.000000000
0.335000;0.000000000
0.340000;0.000000000
0.345000;0.000000000
0.350000;0.000000000
0.355000;0.000000000
0.360000;0.000000000
0.365000;0.000000000
0.370000;0.000000000
0.375000;0.000000000
0.380000;0.000000000
0.385000;0.000000000
0.390000;0.000000000
0.395000;0.000000000
0.400000;0.000000000
0.405000;0.000000000
0.410000;0.000000000
0.415000;0.000000000
0.420000;0.000000000
0.425000;0.000000000
0.430000;0.000000000
0.435000;0.000000000
0.440000;0.000000000
0.445000;0.000000000
0.450000;0.000000000
0.455000;0.000000000
0.460000;0.000000000
0.465000;0.000000000
0.470000;0.000000000
0.475000;0.000000000
0.480000;0.000000000
0.485000;0.000000000
0.490000;0.000000000
0.495000;0.000000000
0.500000;0.000000000
0.505000;-0.025905581
0.510000;-0.103596758
0.515000;-0.232996858
0.520000;-0.413978181
0.525000;-0.646362119
0.530000;-0.929919337
0.535000;-1.264369998
0.540000;-1.649384041
0.545000;-2.084581502
0.550000;-2.569532895
0.555000;-3.103759630
0.560000;-3.686734491
0.565000;-4.317882152
0.570000;-4.996579746
0.575000;-5.722157480
0.580000;-6.493899298
0.585000;-7.311043582
0.590000;-8.172783911
0.595000;-9.078269851
0.600000;-10.026607795
0.605000;-11.016861850
0.610000;-12.048054754
0.615000;-13.119168844
0.620000;-14.229147060
0.625000;-15.376893988
0.630000;-16.561276939
0.635000;-17.781127071
0.640000;-19.035240538
0.645000;-20.322379683
0.650000;-21.641274255
0.655000;-22.990622663
0.660000;-24.369093264
0.665000;-25.775325673
0.670000;-27.207932110
0.675000;-28.665498764
0.680000;-30.146587193
0.685000;-31.649735742
0.690000;-33.173460984
0.695000;-34.716259187
0.700000;-36.276607795
0.705000;-37.852966933
0.710000;-39.443780924
0.715000;-41.047479827
0.720000;-42.662480984
0.725000;-44.287190585
0.730000;-45.920005238
0.735000;-47.559313551
0.740000;-49.203497725
0.745000;-50.850935148
0.750000;-52.500000000
0.755000;-54.149064852
0.760000;-55.796502275
0.765000;-57.440686449
0.770000;-59.079994762
0.775000;-60.712809415
0.780000;-62.337519016
0.785000;-63.952520173
0.790000;-65.556219076
0.795000;-67.147033067
0.800000;-68.723392205
0.805000;-70.283740813
0.810000;-71.826539016
0.815000;-73.350264258
0.820000;-74.853412807
0.825000;-76.334501236
0.830000;-77.792067890
0.835000;-79.224674327
0.840000;-80.630906736
0.845000;-82.009377337
0.850000;-83.358725745
0.855000;-84.677620317
0.860000;-85.964759462
0.865000;-87.218872929
0.870000;-88.438723061
0.875000;-89.623106012
0.880000;-90.770852940
0.885000;-91.880831156
0.890000;-92.951945246
0.895000;-93.983138150
0.900000;-94.973392205
0.905000;-95.921730149
0.910000;-96.827216089
0.915000;-97.688956418
0.920000;-98.506100702
0.925000;-99.277842520
0.930000;-100.003420254
0.935000;-100.682117848
0.940000;-101.313265509
0.945000;-101.896240370
0.950000;-102.430467105
0.955000;-102.915418498
0.960000;-103.350615959
0.965000;-103.735630002
0.970000;-104.070080663
0.975000;-104.353637881
0.980000;-104.586021819
0.985000;-104.767003142
0.990000;-104.896403242
0.995000;-104.974094419
1.000000;-105.000000000
1.005000;-105.000000000
1.010000;-105.000000000
1.015000;-105.000000000
1.020000;-105.000000000
1.025000;-105.000000000
1.030000;-105.000000000
1.035000;-105.000000000
1.040000;-105.000000000
1.045000;-105.000000000
1.050000;-105.000000000
1.055000;-105.000000000
1.060000;-105.000000000
1.065000;-105.000000000
1.070000;-105.000000000
1.075000;-105.000000000
1.080000;-105.000000000
1.085000;-105.000000000
1.090000;-105.000000000
1.095000;-105.000000000
1.100000;-105.000000000
1.105000;-105.000000000
1.110000;-105.000000000
1.115000;-105.000000000
1.120000;-105.000000000
1.125000;-105.000000000
1.130000;-105.000000000
1.135000;-105.000000000
1.140000;-105.000000000
1.145000;-105.000000000
1.150000;-105.000000000
1.155000;-105.000000000
1.160000;-105.000000000
1.165000;-105.000000000
1.170000;-105.000000000
1.175000;-105.000000000
1.180000;-105.000000000
1.185000;-105.000000000
1.190000;-105.000000000
1.195000;-105.000000000
1.200000;-105.000000000
1.205000;-105.000000000
1.210000;-105.000000000
1.215000;-105.000000000
1.220000;-105.000000000
1.225000;-105.000000000
1.230000;-105.000000000
1.235000;-105.000000000
1.240000;-105.000000000
1.245000;-105.000000000
1.250000;-105.000000000
1.255000;-105.000000000
1.260000;-105.000000000
1.265000;-105.000000000
1.270000;-105.000000000
1.275000;-105.000000000
1.280000;-105.000000000
1.285000;-105.000000000
1.290000;-105.000000000
1.295000;-105.000000000
1.300000;-105.000000000
1.305000;-105.000000000
1.310000;-105.000000000
1.315000;-105.000000000
1.320000;-105.000000000
1.325000;-105.000000000
1.330000;-105.000000000
1.335000;-105.000000000
1.340000;-105.000000000
1.345000;-105.000000000
1.350000;-105.000000000
1.355000;-105.000000000
1.360000;-105.000000000
1.365000;-105.000000000
1.370000;-105.000000000
1.375000;-105.000000000
1.380000;-105.000000000
1.385000;-105.000000000
1.390000;-105.000000000
1.395000;-105.000000000
1.400000;-105.000000000
1.405000;-105.000000000
1.410000;-105.000000000
1.415000;-105.000000000
1.420000;-105.000000000
1.425000;-105.000000000
1.430000;-105.000000000
1.435000;-105.000000000
1.440000;-105.000000000
1.445000;-105.000000000
1.450000;-105.000000000
1.455000;-105.000000000
1.460000;-105.000000000
1.465000;-105.000000000
1.470000;-105.000000000
1.475000;-105.000000000
1.480000;-105.000000000
1.485000;-105.000000000
1.490000;-105.000000000
1.495000;-105.000000000
1.500000;-105.000000000
1.505000;-105.000000000
1.510000;-105.000000000
1.515000;-105.000000000
1.520000;-105.000000000
1.525000;-105.000000000
1.530000;-105.000000000
1.535000;-105.000000000
1.540000;-105.000000000
1.545000;-105.000000000
1.550000;-105.000000000
1.555000;-105.000000000
1.560000;-105.000000000
1.565000;-105.000000000
1.570000;-105.000000000
1.575000;-105.000000000
1.580000;-105.000000000
1.585000;-105.000000000
1.590000;-105.000000000
1.595000;-105.000000000
1.600000;-105.000000000
1.605000;-105.000000000
1.610000;-105.000000000
1.615000;-105.000000000
1.620000;-105.000000000
1.625000;-105.000000000
1.630000;-105.000000000
1.635000;-105.000000000
1.640000;-105.000000000
1.645000;-105.000000000
1.650000;-105.000000000
1.655000;-105.000000000
1.660000;-105.000000000
1.665000;-105.000000000
1.670000;-105.000000000
1.675000;-105.000000000
1.680000;-105.000000000
1.685000;-105.000000000
1.690000;-105.000000000
1.695000;-105.000000000
1.700000;-105.000000000
1.705000;-105.000000000
1.710000;-105.000000000
1.715000;-105.000000000
1.720000;-105.000000000
1.725000;-105.000000000
1.730000;-105.000000000
1.735000;-105.000000000
1.740000;-105.000000000
1.745000;-105.000000000
1.750000;-105.000000000
1.755000;-105.000000000
1.760000;-105.000000000
1.765000;-105.000000000
1.770000;-105.000000000
1.775000;-105.000000000
1.780000;-105.000000000
1.785000;-105.000000000
1.790000;-105.000000000
1.795000;-105.000000000
1.800000;-105.000000000
1.805000;-105.000000000
1.810000;-105.000000000
1.815000;-105.000000000
1.820000;-105.000000000
1.825000;-105.000000000
1.830000;-105.000000000
1.835000;-105.000000000
1.840000;-105.000000000
1.845000;-105.000000000
1.850000;-105.000000000
1.855000;-105.000000000
1.860000;-105.000000000
1.865000;-105.000000000
1.870000;-105.000000000
1.875000;-105.000000000
1.880000;-105.000000000
1.885000;-105.000000000
1.890000;-105.000000000
1.895000;-105.000000000
1.900000;-105.000000000
1.905000;-105.000000000
1.910000;-105.000000000
1.915000;-105.000000000
1.920000;-105.000000000
1.925000;-105.000000000
1.930000;-105.000000000
1.935000;-105.000000000
1.940000;-105.000000000
1.945000;-105.000000000
1.950000;-105.000000000
1.955000;-105.000000000
1.960000;-105.000000000
1.965000;-105.000000000
1.970000;-105.000000000
1.975000;-105.000000000
1.980000;-105.000000000
1.985000;-105.000000000
1.990000;-105.000000000
1.995000;-105.000000000
2.000000;-105.000000000
2.005000;-105.000000000
2.010000;-105.000000000
2.015000;-105.000000000
2.020000;-105.000000000
2.025000;-105.000000000
2.030000;-105.000000000
2.035000;-105.000000000
2.040000;-105.000000000
2.045000;-105.000000000
2.050000;-105.000000000
2.055000;-105.000000000
2.060000;-105.000000000
2.065000;-105.000000000
2.070000;-105.000000000
2.075000;-105.000000000
2.080000;-105.000000000
2.085000;-105.000000000
2.090000;-105.000000000
2.095000;-105.000000000
2.100000;-105.000000000
2.105000;-105.000000000
2.110000;-105.000000000
2.115000;-105.000000000
2.120000;-105.000000000
2.125000;-105.000000000
2.130000;-105.000000000
2.135000;-105.000000000
2.140000;-105.000000000
2.145000;-105.000000000
2.150000;-105.000000000
2.155000;-105.000000000
2.160000;-105.000000000
2.165000;-105.000000000
2.170000;-105.000000000
2.175000;-105.000000000
2.180000;-105.000000000
2.185000;-105.000000000
2.190000;-105.000000000
2.195000;-105.000000000
2.200000;-105.000000000
2.205000;-105.000000000
2.210000;-105.000000000
2.215000;-105.000000000
2.220000;-105.000000000
2.225000;-105.000000000
2.230000;-105.000000000
2.235000;-105.000000000
2.240000;-105.000000000
2.245000;-105.000000000
2.250000;-105.000000000
2.255000;-105.000000000
2.260000;-105.000000000
2.265000;-105.000000000
2.270000;-105.000000000
2.275000;-105.000000000
2.280000;-105.000000000
2.285000;-105.000000000
2.290000;-105.000000000
2.295000;-105.000000000
2.300000;-105.000000000
2.305000;-105.000000000
2.310000;-105.000000000
2.315000;-105.000000000
2.320000;-105.000000000
2.325000;-105.000000000
2.330000;-105.000000000
2.335000;-105.000000000
2.340000;-105.000000000
2.345000;-105.000000000
2.350000;-105.000000000
2.355000;-105.000000000
2.360000;-105.000000000
2.365000;-105.000000000
2.370000;-105.000000000
2.375000;-105.000000000
2.380000;-105.000000000
2.385000;-105.000000000
2.390000;-105.000000000
2.395000;-105.000000000
2.400000;-105.000000000
2.405000;-105.000000000
2.410000;-105.000000000
2.415000;-105.000000000
2.420000;-105.000000000
2.425000;-105.000000000
2.430000;-105.000000000
2.435000;-105.000000000
2.440000;-105.000000000
2.445000;-105.000000000
2.450000;-105.000000000
2.455000;-105.000000000
2.460000;-105.000000000
2.465000;-105.000000000
2.470000;-105.000000000
2.475000;-105.000000000
2.480000;-105.000000000
2.485000;-105.000000000
2.490000;-105.000000000
2.495000;-105.000000000
2.500000;-105.000000000
