0.0	0.00
0.0225000000000000009	0.0000004120783021945298315
0.0450000000000000027	0.000003289309540243719740
0.0675000000000000099	0.00001106034526114284705
0.090000000000000009	0.00002608122073683702855
0.1125	0.00005060000940127929355
0.135000000000000018	0.000086722622100820565
0.157500000000000018	0.0001363801157361645815
0.180000000000000009	0.000201297861480749215
0.202500000000000009	0.0002829669050172245735
0.225	0.0003826178303030918955
0.247500000000000018	0.0005011974144501603360
0.270000000000000036	0.00063934833459942105
0.292500000000000009	0.0007973921584378827365
0.315000000000000027	0.000975315818504866660
0.3375	0.001172761736961148495
0.360000000000000018	0.001389021732352388040
0.382500000000000036	0.001623034803411302260
0.405000000000000009	0.001873388847446455255
0.427500000000000027	0.002138326332704404920
0.45	0.002415753905617824280
0.472500000000000018	0.002703255875420025210
0.495000000000000036	0.002998111480571080835
0.517500000000000063	0.003297315804154436010
0.540000000000000081	0.003597604169211234055
0.5625	0.003895479810218917775
0.585000000000000018	0.004187244583914838825
0.607500000000000036	0.00446903245172333105
0.630000000000000063	0.004736845437456154880
0.652500000000000081	0.004986591737991162430
0.675	0.005214125641538741320
0.697500000000000018	0.005415288888100900025
0.720000000000000036	0.005585953090007036670
0.742500000000000063	0.00572206281713760765
0.765000000000000081	0.005819678941755041525
0.7875	0.005875021831851688135
0.810000000000000018	0.005884513979665252625
0.832500000000000036	0.005844821653537486730
0.855000000000000063	0.005752895166602420785
0.877500000000000081	0.005606007364851941915
0.9	0.00540178994987206890
0.92250000000000009	0.005138267267871265545
0.945	0.004813887216399802105
0.9675	0.004427548943221138430
0.99000000000000009	0.003978627037948835870
1.0125	0.003466991946081782390
1.03500000000000009	0.002893026366708158625
1.0575	0.002257637429131326035
1.08000000000000018	0.001562264479703018625
1.10250000000000009	0.0008088823479182322395
1.125	0.000000000000000001628780242865979490
1.14750000000000009	-0.0008613454715615064045
1.17	-0.001771599533107473475
1.19250000000000018	-0.002726705538848950130
1.21500000000000009	-0.003722124631876970695
1.2375	-0.004752860104291811515
1.26000000000000009	-0.005813486063463595510
1.2825	-0.00689818021240979520
1.30500000000000018	-0.008000760514705833140
1.32750000000000009	-0.009114725478570044965
1.35	-0.01023329776110771575
1.37250000000000009	-0.01134947076246321085
1.395	-0.01245605785110069740
1.41750000000000018	-0.01354574383587206240
1.44000000000000009	-0.01461113827817074570
1.4625	-0.01564483021852191185
1.48500000000000009	-0.01663944387659855130
1.5075	-0.01758769487202916145
1.53000000000000018	-0.01848244650558909590
1.55250000000000009	-0.01931676563652659225
1.575	-0.02008397769191233855
1.59750000000000009	-0.02077772034803043015
1.62	-0.02139199543192697005
1.64250000000000018	-0.02192121860324178280
1.66500000000000009	-0.02236026639227718640
1.6875	-0.02270452018978108080
1.71000000000000009	-0.02294990680698078870
1.7325	-0.02309293525081068145
1.75500000000000018	-0.02313072938881204020
1.77750000000000009	-0.02306105621060155920
1.8	-0.02288234942783326110
1.82249999999999991	-0.0225937281919230865
1.84500000000000027	-0.02219501074814966240
1.86750000000000018	-0.02168672288575546760
1.89000000000000009	-0.02107010108600120925
1.9125	-0.02034709031341245605
1.93499999999999991	-0.01952033643933113290
1.95750000000000027	-0.01859317333097166190
1.98000000000000018	-0.01756960468310368830
2.00250000000000009	-0.01645428071286498880
2.025	-0.01525246988067669835
2.04749999999999991	-0.01397002584142409765
2.07000000000000027	-0.012613349869624860
2.09250000000000018	-0.01118934903989475610
2.11500000000000009	-0.00970539047931161110
2.1375	-0.008169252040972327825
2.16000000000000036	-0.006589069777848292490
2.18250000000000027	-0.004973282622719134210
2.20500000000000018	-0.00333057470327023735
2.22750000000000009	-0.001669815741177538280
2.25	-0.000000000000000006515120971463919290
2.27250000000000036	0.001669815741177572670
2.29500000000000027	0.003330574703270271170
2.31750000000000018	0.004973282622719144945
2.34000000000000009	0.006589069777848303225
2.3625	0.008169252040972316235
2.38500000000000036	0.00970539047931161870
2.40750000000000027	0.01118934903989478745
2.43000000000000018	0.0126133498696248695
2.45250000000000009	0.01397002584142408530
2.475	0.01525246988067666890
2.49750000000000036	0.01645428071286500875
2.52000000000000027	0.01756960468310369780
2.54250000000000018	0.01859317333097166855
2.56500000000000009	0.01952033643933112910
2.5875	0.02034709031341244940
2.61000000000000036	0.02107010108600122825
2.63250000000000027	0.02168672288575547045
2.65500000000000018	0.02219501074814966810
2.67750000000000009	0.02259372819192307985
2.7	0.02288234942783326490
2.72250000000000036	0.02306105621060155920
2.74500000000000027	0.0231307293888120440
2.76750000000000018	0.02309293525081067765
2.79000000000000009	0.02294990680698078870
2.8125	0.02270452018978108080
2.83500000000000036	0.02236026639227718640
2.85750000000000027	0.02192121860324177615
2.88000000000000018	0.02139199543192695960
2.90250000000000009	0.02077772034803042635
2.925	0.02008397769191234805
2.94750000000000036	0.01931676563652656945
2.97000000000000027	0.01848244650558909970
2.99250000000000018	0.01758769487202915480
3.01500000000000009	0.01663944387659855795
3.0375	0.0156448302185219185
3.06000000000000036	0.01461113827817072575
3.08250000000000027	0.01354574383587204720
3.10500000000000018	0.01245605785110068980
3.12750000000000009	0.01134947076246320420
3.15	0.0102332977611077205
3.17250000000000036	0.009114725478570056460
3.19500000000000027	0.008000760514705813380
3.21750000000000018	0.006898180212409790260
3.24000000000000009	0.005813486063463596270
3.2625	0.004752860104291827190
3.28500000000000036	0.003722124631876957490
3.30750000000000027	0.002726705538848937020
3.33000000000000018	0.001771599533107467110
3.35250000000000009	0.0008613454715615008470
3.375	0.000000000000000004886340728597940180
3.39750000000000036	-0.0008088823479182482090
3.42000000000000027	-0.001562264479703007890
3.44250000000000018	-0.002257637429131330595
3.46500000000000009	-0.002893026366708162330
3.4875	-0.003466991946081778305
3.51000000000000036	-0.00397862703794884575
3.53250000000000027	-0.004427548943221142610
3.55500000000000018	-0.004813887216399803720
3.57750000000000009	-0.005138267267871267255
3.6	-0.005401789949872067190
3.62250000000000036	-0.00560600736485194030
3.64499999999999982	-0.005752895166602418315
3.66750000000000018	-0.005844821653537487585
3.69000000000000045	-0.005884513979665250915
3.7125	-0.005875021831851688990
3.73500000000000036	-0.005819678941755041525
3.75749999999999982	-0.005722062817137608410
3.78000000000000018	-0.005585953090007035815
3.80250000000000045	-0.005415288888100894230
3.825	-0.005214125641538742935
3.84750000000000036	-0.004986591737991159105
3.86999999999999982	-0.004736845437456159060
3.89250000000000018	-0.004469032451723329435
3.91500000000000045	-0.004187244583914838825
3.9375	-0.003895479810218920245
3.96000000000000036	-0.003597604169211229495
3.98249999999999982	-0.003297315804154440190
4.00500000000000018	-0.002998111480571078365
4.02750000000000045	-0.002703255875420026825
4.05	-0.002415753905617826845
4.07250000000000036	-0.002138326332704408625
4.09499999999999982	-0.001873388847446459815
4.11750000000000018	-0.001623034803411300645
4.14000000000000045	-0.001389021732352381865
4.1625	-0.001172761736961150205
4.18500000000000036	-0.000975315818504863810
4.20749999999999982	-0.0007973921584378860330
4.23000000000000018	-0.0006393483345994206415
4.25250000000000045	-0.000501197414450156935
4.275	-0.0003826178303030926745
4.29750000000000036	-0.0002829669050172231295
4.32000000000000063	-0.0002012978614807484645
4.34250000000000018	-0.0001363801157361643820
4.36500000000000045	-0.00008672262210082064195
4.3875	-0.00005060000940127953770
4.41000000000000036	-0.00002608122073683672930
4.43250000000000063	-0.00001106034526114274065
4.45500000000000018	-0.000003289309540243700835
4.47750000000000045	-0.0000004120783021945327005
4.5	0.00
4.52250000000000036	0.00
4.54500000000000063	0.00
4.56750000000000018	0.00
4.59000000000000045	0.00
4.6125	0.00
4.63500000000000036	0.00
4.65750000000000063	0.00
4.68000000000000018	0.00
4.70250000000000045	0.00
4.725	0.00
4.74750000000000036	0.00
4.77000000000000063	0.00
4.79250000000000018	0.00
4.81500000000000045	0.00
4.8375	0.00
4.86000000000000036	0.00
4.88250000000000063	0.00
4.90500000000000018	0.00
4.92750000000000045	0.00
4.95	0.00
4.97250000000000036	0.00
4.99500000000000063	0.00
5.01750000000000018	0.00
5.04000000000000045	0.00
5.0625	0.00
5.08500000000000036	0.00
5.10750000000000063	0.00
5.13000000000000018	0.00
5.15250000000000045	0.00
5.175	0.00
5.19750000000000036	0.00
5.22000000000000063	0.00
5.24250000000000018	0.00
5.26500000000000045	0.00
5.2875	0.00
5.31000000000000036	0.00
5.33250000000000063	0.00
5.35500000000000018	0.00
5.37750000000000045	0.00
5.4	0.00
5.42250000000000036	0.00
5.44500000000000063	0.00
5.46750000000000018	0.00
5.49000000000000045	0.00
5.5125	0.00
5.53500000000000036	0.00
5.55750000000000063	0.00
5.58000000000000018	0.00
5.60250000000000045	0.00
5.625	0.00
5.64750000000000036	0.00
5.67000000000000063	0.00
5.69250000000000018	0.00
5.71500000000000045	0.00
5.7375	0.00
5.76000000000000036	0.00
5.78250000000000063	0.00
5.80500000000000018	0.00
5.82750000000000045	0.00
5.85	0.00
5.87250000000000036	0.00
5.89500000000000063	0.00
5.91750000000000018	0.00
5.94000000000000045	0.00
5.9625	0.00
5.98500000000000036	0.00
6.00750000000000063	0.00
6.03000000000000018	0.00
6.05250000000000045	0.00
6.075	0.00
6.09750000000000036	0.00
6.12000000000000063	0.00
6.14250000000000018	0.00
6.16500000000000045	0.00
6.1875	0.00
6.21000000000000036	0.00
6.23250000000000063	0.00
6.25500000000000018	0.00
6.27750000000000045	0.00
6.3	0.00
6.32250000000000036	0.00
6.34500000000000063	0.00
6.36750000000000018	0.00
6.39000000000000045	0.00
6.4125	0.00
6.43500000000000036	0.00
6.45750000000000063	0.00
6.48000000000000018	0.00
6.50250000000000045	0.00
6.525	0.00
6.54750000000000036	0.00
6.57000000000000063	0.00
6.59250000000000018	0.00
6.61500000000000045	0.00
6.6375	0.00
6.66000000000000036	0.00
6.68250000000000063	0.00
6.70500000000000018	0.00
6.72750000000000045	0.00
6.75	0.00
6.77250000000000036	0.00
6.79500000000000063	0.00
6.81750000000000018	0.00
6.84000000000000045	0.00
6.8625	0.00
6.88500000000000036	0.00
6.90750000000000063	0.00
6.93000000000000018	0.00
6.95250000000000045	0.00
6.975	0.00
6.99750000000000036	0.00
7.02000000000000063	0.00
7.04250000000000018	0.00
7.06500000000000045	0.00
7.0875	0.00
7.11000000000000036	0.00
7.13250000000000063	0.00
7.15500000000000018	0.00
7.17750000000000045	0.00
7.2	0.00
7.22250000000000036	0.00
7.24500000000000063	0.00
7.26750000000000099	0.00
7.28999999999999964	0.00
7.3125	0.00
7.33500000000000036	0.00
7.35750000000000063	0.00
7.38000000000000099	0.00
7.40249999999999964	0.00
7.425	0.00
7.44750000000000036	0.00
7.47000000000000063	0.00
7.49250000000000099	0.00
7.51499999999999964	0.00
7.5375	0.00
7.56000000000000036	0.00
7.58250000000000063	0.00
7.60500000000000099	0.00
7.62749999999999964	0.00
7.65	0.00
7.67250000000000036	0.00
7.69500000000000063	0.00
7.71750000000000099	0.00
7.73999999999999964	0.00
7.7625	0.00
7.78500000000000036	0.00
7.80750000000000063	0.00
7.83000000000000099	0.00
7.85249999999999964	0.00
7.875	0.00
7.89750000000000036	0.00
7.92000000000000063	0.00
7.94250000000000099	0.00
7.96499999999999964	0.00
7.9875	0.00
8.01000000000000036	0.00
8.03250000000000063	0.00
8.05500000000000099	0.00
8.07749999999999964	0.00
8.1	0.00
8.12250000000000036	0.00
8.14500000000000063	0.00
8.16750000000000099	0.00
8.18999999999999964	0.00
8.2125	0.00
8.23500000000000036	0.00
8.25750000000000063	0.00
8.28000000000000099	0.00
8.30249999999999964	0.00
8.325	0.00
8.34750000000000036	0.00
8.37000000000000063	0.00
8.39250000000000099	0.00
8.41499999999999964	0.00
8.4375	0.00
8.46000000000000036	0.00
8.48250000000000063	0.00
8.50500000000000099	0.00
8.52749999999999964	0.00
8.55	0.00
8.57250000000000036	0.00
8.59500000000000063	0.00
8.61750000000000099	0.00
8.64000000000000126	0.00
8.6625	0.00
8.68500000000000036	0.00
8.70750000000000063	0.00
8.73000000000000099	0.00
8.75250000000000126	0.00
8.775	0.00
8.79750000000000036	0.00
8.82000000000000063	0.00
8.84250000000000099	0.00
8.86500000000000126	0.00
8.8875	0.00
8.91000000000000036	0.00
8.93250000000000063	0.00
8.95500000000000099	0.00
8.97750000000000126	0.00
9.0	0.00
9.0225	0.00
9.0450000000000009	0.00
9.0675000000000009	0.00
9.0900000000000009	0.00
9.1125	0.00
9.135	0.00
9.1575000000000009	0.00
9.1800000000000009	0.00
9.2025000000000009	0.00
9.225	0.00
9.2475	0.00
9.2700000000000009	0.00
9.2925000000000009	0.00
9.3150000000000009	0.00
9.3375	0.00
9.36	0.00
9.3825000000000009	0.00
9.4050000000000009	0.00
9.4275000000000009	0.00
9.45	0.00
9.4725	0.00
9.4950000000000009	0.00
9.5175000000000009	0.00
9.5400000000000009	0.00
9.5625	0.00
9.585	0.00
9.6075000000000009	0.00
9.6300000000000009	0.00
9.6525000000000009	0.00
9.675	0.00
9.6975	0.00
9.7200000000000009	0.00
9.7425000000000009	0.00
9.7650000000000009	0.00
9.7875	0.00
9.81	0.00
9.8325000000000009	0.00
9.8550000000000009	0.00
9.8775000000000009	0.00
9.9	0.00
9.9225	0.00
9.9450000000000009	0.00
9.9675000000000009	0.00
9.9900000000000009	0.00
10.0125	0.00
10.035	0.00
10.0575000000000009	0.00
10.0800000000000009	0.00
10.1025000000000009	0.00
10.125	0.00
10.1475	0.00
10.1700000000000009	0.00
10.1925000000000009	0.00
10.2150000000000009	0.00
10.2375	0.00
10.26	0.00
10.2825000000000009	0.00
10.3050000000000009	0.00
10.3275000000000009	0.00
10.35	0.00
10.3725	0.00
10.3950000000000009	0.00
10.4175000000000009	0.00
10.4400000000000009	0.00
10.4625	0.00
10.485	0.00
10.5075000000000009	0.00
10.5300000000000009	0.00
10.5525000000000009	0.00
10.575	0.00
10.5975	0.00
10.6200000000000009	0.00
10.6425000000000009	0.00
10.6650000000000009	0.00
10.6875	0.00
10.71	0.00
10.7325000000000009	0.00
10.7550000000000009	0.00
10.7775000000000009	0.00
10.8	0.00
10.8225	0.00
10.8450000000000009	0.00
10.8675000000000009	0.00
10.8900000000000009	0.00
10.9125	0.00
10.935	0.00
10.9575000000000009	0.00
10.9800000000000009	0.00
11.0025000000000009	0.00
11.025	0.00
11.0475	0.00
11.0700000000000009	0.00
11.0925000000000009	0.00
11.1150000000000009	0.00
11.1375	0.00
11.16	0.00
11.1825000000000009	0.00
11.2050000000000009	0.00
11.2275000000000009	0.00
11.25	0.00
11.2725	0.00
11.2950000000000009	0.00
11.3175000000000009	0.00
11.3400000000000009	0.00
11.3625	0.00
11.385	0.00
11.4075000000000009	0.00
11.4300000000000009	0.00
11.4525000000000009	0.00
11.475	0.00
11.4975	0.00
11.5200000000000009	0.00
11.5425000000000009	0.00
11.5650000000000009	0.00
11.5875	0.00
11.61	0.00
11.6325000000000009	0.00
11.6550000000000009	0.00
11.6775000000000009	0.00
11.7	0.00
11.7225	0.00
11.7450000000000009	0.00
11.7675000000000009	0.00
11.7900000000000009	0.00
11.8125	0.00
11.835	0.00
11.8575000000000009	0.00
11.8800000000000009	0.00
11.9025000000000009	0.00
11.925	0.00
11.9475	0.00
11.9700000000000009	0.00
11.9925000000000009	0.00
12.0150000000000009	0.00
12.0375	0.00
12.06	0.00
12.0825000000000009	0.00
12.1050000000000009	0.00
12.1275000000000009	0.00
12.15	0.00
12.1725	0.00
12.1950000000000009	0.00
12.2175000000000009	0.00
12.2400000000000009	0.00
12.2625	0.00
12.285	0.00
12.3075000000000009	0.00
12.3300000000000009	0.00
12.3525000000000009	0.00
12.375	0.00
12.3975	0.00
12.4200000000000009	0.00
12.4425000000000009	0.00
12.4650000000000009	0.00
12.4875	0.00
12.51	0.00
12.5325000000000009	0.00
12.5550000000000009	0.00
12.5775000000000009	0.00
12.6	0.00
12.6225	0.00
12.6450000000000009	0.00
12.6675000000000009	0.00
12.6900000000000009	0.00
12.7125	0.00
12.735	0.00
12.7575000000000009	0.00
12.7800000000000009	0.00
12.8025000000000009	0.00
12.825	0.00
12.8475	0.00
12.8700000000000009	0.00
12.8925000000000009	0.00
12.9150000000000009	0.00
12.9375	0.00
12.96	0.00
12.9825000000000009	0.00
13.0050000000000009	0.00
13.0275000000000009	0.00
13.05	0.00
13.0725	0.00
13.0950000000000009	0.00
13.1175000000000009	0.00
13.1400000000000009	0.00
13.1625	0.00
13.185	0.00
13.2075000000000009	0.00
13.2300000000000009	0.00
13.2525000000000009	0.00
13.275	0.00
13.2975	0.00
13.3200000000000009	0.00
13.3425000000000009	0.00
13.3650000000000009	0.00
13.3875	0.00
13.41	0.00
13.4325000000000009	0.00
13.4550000000000009	0.00
13.4775000000000009	0.00
13.5	0.00
13.5225	0.00
13.5450000000000009	0.00
13.5675000000000009	0.00
13.5900000000000009	0.00
13.6125	0.00
13.635	0.00
13.6575000000000009	0.00
13.6800000000000009	0.00
13.7025000000000009	0.00
13.725	0.00
13.7475	0.00
13.7700000000000009	0.00
13.7925000000000009	0.00
13.8150000000000009	0.00
13.8375	0.00
13.86	0.00
13.8825000000000009	0.00
13.9050000000000009	0.00
13.9275000000000009	0.00
13.95	0.00
13.9725	0.00
13.9950000000000009	0.00
14.0175000000000009	0.00
14.0400000000000009	0.00
14.0625	0.00
14.085	0.00
14.1075000000000009	0.00
14.1300000000000009	0.00
14.1525000000000009	0.00
14.175	0.00
14.1975	0.00
14.2200000000000009	0.00
14.2425000000000009	0.00
14.2650000000000009	0.00
14.2875	0.00
14.31	0.00
14.3325000000000009	0.00
14.3550000000000009	0.00
14.3775000000000009	0.00
14.4	0.00
