#Time;Degrees
0.0;0.0
0.005;0.0
0.01;0.0
0.015;0.0
0.02;0.0
0.025;0.0
0.03;0.0
0.035;0.0
0.04;0.0
0.045;0.0
0.05;0.0
0.055;0.0
0.06;0.0
0.065;0.0
0.07;0.0
0.075;0.0
0.08;0.0
0.085;0.0
0.09;0.0
0.095;0.0
0.1;0.0
0.105;0.0
0.11;0.0
0.115;0.0
0.12;0.0
0.125;0.0
0.13;0.0
0.135;0.0
0.14;0.0
0.145;0.0
0.15;0.0
0.155;0.0
0.16;0.0
0.165;0.0
0.17;0.0
0.175;0.0
0.18;0.0
0.185;0.0
0.19;0.0
0.195;0.0
0.2;0.0
0.205;0.0
0.21;0.0
0.215;0.0
0.22;0.0
0.225;0.0
0.23;0.0
0.235;0.0
0.24;0.0
0.245;0.0
0.25;0.0
0.255;0.0
0.26;0.0
0.265;0.0
0.27;0.0
0.275;0.0
0.28;0.0
0.285;0.0
0.29;0.0
0.295;0.0
0.3;0.0
0.305;0.0
0.31;0.0
0.315;0.0
0.32;0.0
0.325;0.0
0.33;0.0
0.335;0.0
0.34;0.0
0.345;0.0
0.35;0.0
0.355;0.0
0.36;0.0
0.365;0.0
0.37;0.0
0.375;0.0
0.38;0.0
0.385;0.0
0.39;0.0
0.395;0.0
0.4;0.0
0.405;0.0
0.41;0.0
0.415;0.0
0.42;0.0
0.425;0.0
0.43;0.0
0.435;0.0
0.44;0.0
0.445;0.0
0.45;0.0
0.455;0.0
0.46;0.0
0.465;0.0
0.47;0.0
0.475;0.0
0.48;0.0
0.485;0.0
0.49;0.0
0.495;0.0
0.5;0.0
0.5069230769230769;-0.015329261
0.5138461538461538;-0.061308091
0.5207692307692308;-0.137909641
0.5276923076923077;-0.245089177
0.5346153846153846;-0.38278411
0.5415384615384615;-0.550914029
0.5484615384615386;-0.749380751
0.5553846153846155;-0.978068378
0.5623076923076924;-1.236843361
0.5692307692307693;-1.525554585
0.5761538461538462;-1.844033449
0.5830769230769232;-2.192093972
0.59;-2.569532895
0.5969230769230769;-2.976129804
0.6038461538461538;-3.411647259
0.6107692307692307;-3.87583093
0.6176923076923077;-4.368409746
0.6246153846153846;-4.889096055
0.6315384615384615;-5.437585792
0.6384615384615384;-6.013558653
0.6453846153846153;-6.616678287
0.6523076923076923;-7.246592489
0.6592307692307692;-7.902933406
0.6661538461538461;-8.585317754
0.6730769230769231;-9.293347041
0.6799999999999999;-10.026607795
0.686923076923077;-10.784671815
0.6938461538461539;-11.567096412
0.7007692307692308;-12.373424671
0.7076923076923077;-13.203185721
0.7146153846153847;-14.055895004
0.7215384615384616;-14.931054561
0.7284615384615385;-15.828153324
0.7353846153846155;-16.746667414
0.7423076923076923;-17.686060442
0.7492307692307694;-18.645783831
0.7561538461538462;-19.625277129
0.763076923076923;-20.62396834
0.7699999999999999;-21.641274255
0.7769230769230768;-22.676600797
0.7838461538461539;-23.729343364
0.7907692307692307;-24.798887184
0.7976923076923077;-25.884607675
0.8046153846153845;-26.985870805
0.8115384615384615;-28.102033468
0.8184615384615384;-29.232443856
0.8253846153846154;-30.376441842
0.8323076923076923;-31.533359363
0.8392307692307692;-32.702520811
0.8461538461538461;-33.88324343
0.8530769230769231;-35.074837711
0.86;-36.276607795
0.8669230769230769;-37.487851884
0.8738461538461539;-38.707862645
0.8807692307692307;-39.935927625
0.8876923076923078;-41.17132967
0.8946153846153847;-42.413347339
0.9015384615384616;-43.661255329
0.9084615384615385;-44.914324898
0.9153846153846155;-46.171824287
0.9223076923076925;-47.433019152
0.9292307692307693;-48.697172992
0.9361538461538461;-49.963547575
0.943076923076923;-51.231403375
0.95;-52.5
0.9569230769230769;-53.768596625
0.9638461538461538;-55.036452425
0.9707692307692307;-56.302827008
0.9776923076923076;-57.566980848
0.9846153846153847;-58.828175713
0.9915384615384615;-60.085675102
0.9984615384615385;-61.338744671
1.0053846153846155;-62.586652661
1.0123076923076924;-63.82867033
1.0192307692307692;-65.064072375
1.0261538461538462;-66.292137355
1.0330769230769232;-67.512148116
1.04;-68.723392205
1.0469230769230768;-69.925162289
1.0538461538461539;-71.11675657
1.060769230769231;-72.297479189
1.0676923076923077;-73.466640637
1.0746153846153845;-74.623558158
1.0815384615384616;-75.767556144
1.0884615384615386;-76.897966532
1.0953846153846154;-78.014129195
1.1023076923076924;-79.115392325
1.109230769230769;-80.201112816
1.116153846153846;-81.270656636
1.123076923076923;-82.323399203
1.13;-83.358725745
1.1369230769230767;-84.37603166
1.143846153846154;-85.374722871
1.1507692307692308;-86.354216169
1.1576923076923076;-87.313939558
1.1646153846153846;-88.253332586
1.1715384615384616;-89.171846676
1.1784615384615384;-90.068945439
1.1853846153846153;-90.944104996
1.1923076923076923;-91.796814279
1.199230769230769;-92.626575329
1.2061538461538461;-93.432903588
1.213076923076923;-94.215328185
1.22;-94.973392205
1.2269230769230768;-95.706652959
1.2338461538461538;-96.414682246
1.2407692307692306;-97.097066594
1.2476923076923079;-97.753407511
1.2546153846153845;-98.383321713
1.2615384615384615;-98.986441347
1.2684615384615383;-99.562414208
1.2753846153846156;-100.110903945
1.2823076923076924;-100.631590254
1.2892307692307694;-101.12416907
1.296153846153846;-101.588352741
1.3030769230769232;-102.023870196
1.31;-102.430467105
1.316923076923077;-102.807906028
1.3238461538461537;-103.155966551
1.330769230769231;-103.474445415
1.3376923076923077;-103.763156639
1.344615384615385;-104.021931622
1.3515384615384614;-104.250619249
1.3584615384615386;-104.449085971
1.3653846153846154;-104.61721589
1.3723076923076922;-104.754910823
1.3792307692307693;-104.862090359
1.386153846153846;-104.938691909
1.393076923076923;-104.984670739
1.4;-105.0
1.4050000000000002;-105.0
1.4100000000000001;-105.0
1.415;-105.0
1.42;-105.0
1.4250000000000003;-105.0
1.4300000000000002;-105.0
1.435;-105.0
1.44;-105.0
1.4450000000000003;-105.0
1.4500000000000002;-105.0
1.455;-105.0
1.46;-105.0
1.4650000000000003;-105.0
1.4700000000000002;-105.0
1.475;-105.0
1.48;-105.0
1.4850000000000003;-105.0
1.4900000000000002;-105.0
1.495;-105.0
1.5;-105.0
1.505;-105.0
1.5100000000000002;-105.0
1.5150000000000001;-105.0
1.52;-105.0
1.525;-105.0
1.5300000000000002;-105.0
1.5350000000000001;-105.0
1.54;-105.0
1.545;-105.0
1.5500000000000003;-105.0
1.5550000000000002;-105.0
1.56;-105.0
1.565;-105.0
1.5700000000000003;-105.0
1.5750000000000002;-105.0
1.58;-105.0
1.585;-105.0
1.5900000000000003;-105.0
1.5950000000000002;-105.0
1.6;-105.0
1.605;-105.0
1.6100000000000003;-105.0
1.6150000000000002;-105.0
1.62;-105.0
1.625;-105.0
1.63;-105.0
1.6350000000000002;-105.0
1.6400000000000001;-105.0
1.645;-105.0
1.65;-105.0
1.6550000000000002;-105.0
1.6600000000000001;-105.0
1.665;-105.0
1.67;-105.0
1.6750000000000003;-105.0
1.6800000000000002;-105.0
1.685;-105.0
1.69;-105.0
1.6950000000000003;-105.0
1.7000000000000002;-105.0
1.705;-105.0
1.71;-105.0
1.7150000000000003;-105.0
1.7200000000000002;-105.0
1.725;-105.0
1.73;-105.0
1.7350000000000003;-105.0
1.7400000000000002;-105.0
1.745;-105.0
1.75;-105.0
1.755;-105.0
1.7600000000000002;-105.0
1.7650000000000001;-105.0
1.77;-105.0
1.775;-105.0
1.7800000000000002;-105.0
1.7850000000000001;-105.0
1.79;-105.0
1.795;-105.0
1.8000000000000003;-105.0
1.8050000000000002;-105.0
1.81;-105.0
1.815;-105.0
1.8200000000000003;-105.0
1.8250000000000002;-105.0
1.83;-105.0
1.835;-105.0
1.8400000000000003;-105.0
1.8450000000000002;-105.0
1.85;-105.0
1.855;-105.0
1.8600000000000003;-105.0
1.8650000000000002;-105.0
1.87;-105.0
1.875;-105.0
1.88;-105.0
1.8850000000000002;-105.0
1.8900000000000001;-105.0
1.895;-105.0
1.9;-105.0
1.9050000000000002;-105.0
1.9100000000000001;-105.0
1.915;-105.0
1.92;-105.0
1.9250000000000003;-105.0
1.9300000000000002;-105.0
1.935;-105.0
1.94;-105.0
1.9450000000000003;-105.0
1.9500000000000002;-105.0
1.955;-105.0
1.96;-105.0
1.9650000000000003;-105.0
1.9700000000000002;-105.0
1.975;-105.0
1.98;-105.0
1.9850000000000003;-105.0
1.9900000000000002;-105.0
1.995;-105.0
2.0;-105.0
2.005;-105.0
2.0100000000000002;-105.0
2.015;-105.0
2.02;-105.0
2.025;-105.0
2.0300000000000002;-105.0
2.035;-105.0
2.04;-105.0
2.045;-105.0
2.0500000000000003;-105.0
2.055;-105.0
2.06;-105.0
2.065;-105.0
2.0700000000000003;-105.0
2.075;-105.0
2.08;-105.0
2.085;-105.0
2.0900000000000003;-105.0
2.095;-105.0
2.1;-105.0
2.105;-105.0
2.1100000000000003;-105.0
2.115;-105.0
2.12;-105.0
2.125;-105.0
2.13;-105.0
2.1350000000000002;-105.0
2.14;-105.0
2.145;-105.0
2.15;-105.0
2.1550000000000002;-105.0
2.16;-105.0
2.165;-105.0
2.17;-105.0
2.1750000000000003;-105.0
2.18;-105.0
2.185;-105.0
2.19;-105.0
2.1950000000000003;-105.0
2.2;-105.0
2.205;-105.0
2.21;-105.0
2.2150000000000003;-105.0
2.22;-105.0
2.225;-105.0
2.23;-105.0
2.2350000000000003;-105.0
2.24;-105.0
2.245;-105.0
2.25;-105.0
2.255;-105.0
2.26;-105.0
2.265;-105.0
2.27;-105.0
2.275;-105.0
2.28;-105.0
2.285;-105.0
2.29;-105.0
2.295;-105.0
2.3;-105.0
2.305;-105.0
2.31;-105.0
2.315;-105.0
2.32;-105.0
2.325;-105.0
2.33;-105.0
2.335;-105.0
2.34;-105.0
2.345;-105.0
2.35;-105.0
2.355;-105.0
2.36;-105.0
2.365;-105.0
2.37;-105.0
2.375;-105.0
2.38;-105.0
2.385;-105.0
2.39;-105.0
2.395;-105.0
2.4;-105.0
2.405;-105.0
2.41;-105.0
2.415;-105.0
2.42;-105.0
2.425;-105.0
2.43;-105.0
2.435;-105.0
2.44;-105.0
2.445;-105.0
2.45;-105.0
2.455;-105.0
2.46;-105.0
2.465;-105.0
2.47;-105.0
2.475;-105.0
2.48;-105.0
2.485;-105.0
2.49;-105.0
2.495;-105.0
2.5;-105.0
2.505;-105.0
2.51;-105.0
2.515;-105.0
2.52;-105.0
2.525;-105.0
2.53;-105.0
2.535;-105.0
2.54;-105.0
2.545;-105.0
2.55;-105.0
2.555;-105.0
2.56;-105.0
2.565;-105.0
2.57;-105.0
2.575;-105.0
2.58;-105.0
2.585;-105.0
2.59;-105.0
2.595;-105.0
2.6;-105.0
2.605;-105.0
2.61;-105.0
2.615;-105.0
2.62;-105.0
2.625;-105.0
2.63;-105.0
2.635;-105.0
2.64;-105.0
2.645;-105.0
2.65;-105.0
2.655;-105.0
2.66;-105.0
2.665;-105.0
2.67;-105.0
2.675;-105.0
2.68;-105.0
2.685;-105.0
2.69;-105.0
2.695;-105.0
2.7;-105.0
2.705;-105.0
2.71;-105.0
2.715;-105.0
2.72;-105.0
2.725;-105.0
2.73;-105.0
2.735;-105.0
2.74;-105.0
2.745;-105.0
2.75;-105.0
2.755;-105.0
2.76;-105.0
2.765;-105.0
2.77;-105.0
2.775;-105.0
2.78;-105.0
2.785;-105.0
2.79;-105.0
2.795;-105.0
2.8;-105.0
2.805;-105.0
2.81;-105.0
2.815;-105.0
2.82;-105.0
2.825;-105.0
2.83;-105.0
2.835;-105.0
2.84;-105.0
2.845;-105.0
2.85;-105.0
2.855;-105.0
2.86;-105.0
2.865;-105.0
2.87;-105.0
2.875;-105.0
2.88;-105.0
2.885;-105.0
2.89;-105.0
2.895;-105.0
2.9;-105.0
2.905;-105.0
2.91;-105.0
2.915;-105.0
2.92;-105.0
2.925;-105.0
2.93;-105.0
2.935;-105.0
2.94;-105.0
2.945;-105.0
2.95;-105.0
2.955;-105.0
2.96;-105.0
2.965;-105.0
2.97;-105.0
2.975;-105.0
2.98;-105.0
2.985;-105.0
2.99;-105.0
2.995;-105.0
3.0;-105.0
3.005;-105.0
3.01;-105.0
3.015;-105.0
3.02;-105.0
3.025;-105.0
3.03;-105.0
3.035;-105.0
3.04;-105.0
3.045;-105.0
3.05;-105.0
3.055;-105.0
3.06;-105.0
3.065;-105.0
3.07;-105.0
3.075;-105.0
3.08;-105.0
3.085;-105.0
3.09;-105.0
3.095;-105.0
3.1;-105.0
3.105;-105.0
3.11;-105.0
3.115;-105.0
3.12;-105.0
3.125;-105.0
3.13;-105.0
3.135;-105.0
3.14;-105.0
3.145;-105.0
3.15;-105.0
3.155;-105.0
3.16;-105.0
3.165;-105.0
3.17;-105.0
3.175;-105.0
3.18;-105.0
3.185;-105.0
3.19;-105.0
3.195;-105.0
3.2;-105.0
3.205;-105.0
3.21;-105.0
3.215;-105.0
3.22;-105.0
3.225;-105.0
3.23;-105.0
3.235;-105.0
3.24;-105.0
3.245;-105.0
3.25;-105.0
3.255;-105.0
3.26;-105.0
3.265;-105.0
3.27;-105.0
3.275;-105.0
3.28;-105.0
3.285;-105.0
3.29;-105.0
3.295;-105.0
3.3;-105.0
3.305;-105.0
3.31;-105.0
3.315;-105.0
3.32;-105.0
3.325;-105.0
3.33;-105.0
3.335;-105.0
3.34;-105.0
3.345;-105.0
3.35;-105.0
3.355;-105.0
3.36;-105.0
3.3650000000000007;-105.0
3.3700000000000006;-105.0
3.3750000000000004;-105.0
3.3800000000000003;-105.0
3.3850000000000002;-105.0
3.39;-105.0
3.395;-105.0
3.4;-105.0
3.405;-105.0
3.4100000000000006;-105.0
3.4150000000000005;-105.0
3.4200000000000004;-105.0
3.4250000000000003;-105.0
3.43;-105.0
3.435;-105.0
3.44;-105.0
3.445;-105.0
3.4500000000000006;-105.0
3.4550000000000005;-105.0
3.4600000000000004;-105.0
3.4650000000000003;-105.0
3.47;-105.0
3.475;-105.0
3.48;-105.0
3.485;-105.0
3.4900000000000007;-105.0
3.4950000000000006;-105.0
3.5000000000000004;-105.0
3.5050000000000003;-105.0
3.5100000000000002;-105.0
3.515;-105.0
3.52;-105.0
3.525;-105.0
3.53;-105.0
3.5350000000000006;-105.0
3.5400000000000005;-105.0
3.5450000000000004;-105.0
3.5500000000000003;-105.0
3.555;-105.0
3.56;-105.0
3.565;-105.0
3.57;-105.0
3.5750000000000006;-105.0
3.5800000000000005;-105.0
3.5850000000000004;-105.0
3.5900000000000003;-105.0
3.595;-105.0
3.6;-105.0
3.605;-105.0
3.61;-105.0
3.6150000000000007;-105.0
3.6200000000000006;-105.0
3.6250000000000004;-105.0
3.6300000000000003;-105.0
3.6350000000000002;-105.0
3.64;-105.0
3.645;-105.0
3.65;-105.0
3.655;-105.0
3.6600000000000006;-105.0
3.6650000000000005;-105.0
3.6700000000000004;-105.0
3.6750000000000003;-105.0
3.68;-105.0
3.685;-105.0
3.69;-105.0
3.695;-105.0
3.7000000000000006;-105.0
3.7050000000000005;-105.0
3.7100000000000004;-105.0
3.7150000000000003;-105.0
3.72;-105.0
3.725;-105.0
3.73;-105.0
3.735;-105.0
3.7400000000000007;-105.0
3.7450000000000006;-105.0
3.7500000000000004;-105.0
3.7550000000000003;-105.0
3.7600000000000002;-105.0
3.765;-105.0
3.77;-105.0
3.775;-105.0
3.78;-105.0
3.7850000000000006;-105.0
3.7900000000000005;-105.0
3.7950000000000004;-105.0
3.8000000000000003;-105.0
3.805;-105.0
3.81;-105.0
3.815;-105.0
3.82;-105.0
3.8250000000000006;-105.0
3.8300000000000005;-105.0
3.8350000000000004;-105.0
3.8400000000000003;-105.0
3.845;-105.0
3.85;-105.0
3.855;-105.0
3.86;-105.0
3.8650000000000007;-105.0
3.8700000000000006;-105.0
3.8750000000000004;-105.0
3.8800000000000003;-105.0
3.8850000000000002;-105.0
3.89;-105.0
3.895;-105.0
3.9;-105.0
3.905;-105.0
3.9100000000000006;-105.0
3.9150000000000005;-105.0
3.9200000000000004;-105.0
3.9250000000000003;-105.0
3.93;-105.0
3.935;-105.0
3.94;-105.0
3.945;-105.0
3.9500000000000006;-105.0
3.9550000000000005;-105.0
3.9600000000000004;-105.0
3.9650000000000003;-105.0
3.97;-105.0
3.975;-105.0
3.98;-105.0
3.985;-105.0
3.9900000000000007;-105.0
3.9950000000000006;-105.0
4.0;-105.0
