0.00000 0.00000000
0.02500 0.00000000
0.05000 0.00000000
0.07500 0.00000000
0.10000 0.00000000
0.12500 0.00000000
0.15000 0.00260000
0.17500 0.00260000
0.20000 0.00260000
0.22500 0.00520000
0.25000 0.00520000
0.27500 0.00780000
0.30000 0.00780000
0.32500 0.00780000
0.35000 0.00780000
0.37500 0.00780000
0.40000 0.00780000
0.42500 0.00780000
0.45000 0.00520000
0.47500 0.00260000
0.50000 0.00000000
0.52500 -0.00260000
0.55000 -0.00520000
0.57500 -0.00780000
0.60000 -0.01040000
0.62500 -0.01300000
0.65000 -0.01820000
0.67500 -0.02080000
0.70000 -0.02080000
0.72500 -0.02340000
0.75000 -0.02340000
0.77500 -0.02340000
0.80000 -0.02080000
0.82500 -0.02080000
0.85000 -0.01560000
0.87500 -0.01300000
0.90000 -0.00780000
0.92500 -0.00520000
0.95000 0.00000000
0.97500 0.00520000
1.00000 0.01040000
1.02500 0.01560000
1.05000 0.02080000
1.07500 0.02340000
1.10000 0.02600000
1.12500 0.02860000
1.15000 0.02860000
1.17500 0.02860000
1.20000 0.02860000
1.22500 0.02600000
1.25000 0.02340000
1.27500 0.02080000
1.30000 0.01560000
1.32500 0.01040000
1.35000 0.00520000
1.37500 0.00000000
1.40000 -0.00520000
1.42500 -0.01040000
1.45000 -0.01560000
1.47500 -0.01820000
1.50000 -0.02340000
1.52500 -0.02600000
1.55000 -0.02860000
1.57500 -0.02860000
1.60000 -0.02860000
1.62500 -0.02860000
1.65000 -0.02600000
1.67500 -0.02600000
1.70000 -0.02080000
1.72500 -0.01820000
1.75000 -0.01300000
1.77500 -0.00780000
1.80000 -0.00260000
1.82500 0.00260000
1.85000 0.00780000
1.87500 0.01300000
1.90000 0.01560000
1.92500 0.02080000
1.95000 0.02340000
1.97500 0.02600000
2.00000 0.02860000
2.02500 0.02860000
2.05000 0.02860000
2.07500 0.02860000
2.10000 0.02600000
2.12500 0.02340000
2.15000 0.02080000
2.17500 0.01560000
2.20000 0.01040000
2.22500 0.00520000
2.25000 0.00000000
2.27500 -0.00520000
2.30000 -0.01040000
2.32500 -0.01560000
2.35000 -0.02080000
2.37500 -0.02340000
2.40000 -0.02600000
2.42500 -0.02860000
2.45000 -0.02860000
2.47500 -0.02860000
2.50000 -0.02860000
2.52500 -0.02600000
2.55000 -0.02340000
2.57500 -0.02080000
2.60000 -0.01560000
2.62500 -0.01300000
2.65000 -0.00780000
2.67500 -0.00260000
2.70000 0.00260000
2.72500 0.00780000
2.75000 0.01300000
2.77500 0.01820000
2.80000 0.02080000
2.82500 0.02600000
2.85000 0.02860000
2.87500 0.02860000
2.90000 0.02860000
2.92500 0.02860000
2.95000 0.02860000
2.97500 0.02600000
3.00000 0.02340000
3.02500 0.01820000
3.05000 0.01560000
3.07500 0.01040000
3.10000 0.00520000
3.12500 -0.00000000
3.15000 -0.00520000
3.17500 -0.01040000
3.20000 -0.01560000
3.22500 -0.02080000
3.25000 -0.02340000
3.27500 -0.02600000
3.30000 -0.02860000
3.32500 -0.02860000
3.35000 -0.02860000
3.37500 -0.02860000
3.40000 -0.02600000
3.42500 -0.02340000
3.45000 -0.02080000
3.47500 -0.01560000
3.50000 -0.01040000
3.52500 -0.00520000
3.55000 -0.00000000
3.57500 0.00520000
3.60000 0.01040000
3.62500 0.01560000
3.65000 0.01820000
3.67500 0.02340000
3.70000 0.02600000
3.72500 0.02860000
3.75000 0.02860000
3.77500 0.02860000
3.80000 0.02860000
3.82500 0.02860000
3.85000 0.02600000
3.87500 0.02080000
3.90000 0.01820000
3.92500 0.01300000
3.95000 0.00780000
3.97500 0.00260000
4.00000 -0.00260000
4.02500 -0.00780000
4.05000 -0.01300000
4.07500 -0.01820000
4.10000 -0.02080000
4.12500 -0.02340000
4.15000 -0.02600000
4.17500 -0.02860000
4.20000 -0.02860000
4.22500 -0.02860000
4.25000 -0.02860000
4.27500 -0.02600000
4.30000 -0.02340000
4.32500 -0.02080000
4.35000 -0.01560000
4.37500 -0.01040000
4.40000 -0.00520000
4.42500 0.00000000
4.45000 0.00520000
4.47500 0.01040000
4.50000 0.01560000
4.52500 0.02080000
4.55000 0.02340000
4.57500 0.02600000
4.60000 0.02860000
4.62500 0.02860000
4.65000 0.02860000
4.67500 0.02860000
4.70000 0.02600000
4.72500 0.02340000
4.75000 0.02080000
4.77500 0.01820000
4.80000 0.01300000
4.82500 0.00780000
4.85000 0.00260000
4.87500 -0.00260000
4.90000 -0.00780000
4.92500 -0.01300000
4.95000 -0.01820000
4.97500 -0.02080000
5.00000 -0.02600000
5.02500 -0.02860000
5.05000 -0.02860000
5.07500 -0.02860000
5.10000 -0.02860000
5.12500 -0.02860000
5.15000 -0.02600000
5.17500 -0.02340000
5.20000 -0.01820000
5.22500 -0.01300000
5.25000 -0.01040000
5.27500 -0.00520000
5.30000 0.00000000
5.32500 0.00520000
5.35000 0.01040000
5.37500 0.01560000
5.40000 0.02080000
5.42500 0.02340000
5.45000 0.02600000
5.47500 0.02860000
5.50000 0.02860000
5.52500 0.02860000
5.55000 0.02860000
5.57500 0.02600000
5.60000 0.02340000
5.62500 0.02080000
5.65000 0.01560000
5.67500 0.01040000
5.70000 0.00520000
5.72500 0.00000000
5.75000 -0.00520000
5.77500 -0.01040000
5.80000 -0.01560000
5.82500 -0.01820000
5.85000 -0.02340000
5.87500 -0.02600000
5.90000 -0.02860000
5.92500 -0.02860000
5.95000 -0.02860000
5.97500 -0.02860000
6.00000 -0.02860000
6.02500 -0.02600000
6.05000 -0.02080000
6.07500 -0.01820000
6.10000 -0.01300000
6.12500 -0.00780000
6.15000 -0.00260000
6.17500 0.00260000
6.20000 0.00780000
6.22500 0.01300000
6.25000 0.01820000
6.27500 0.02080000
6.30000 0.02340000
6.32500 0.02600000
6.35000 0.02860000
6.37500 0.02860000
6.40000 0.02860000
6.42500 0.02860000
6.45000 0.02600000
6.47500 0.02340000
6.50000 0.02080000
6.52500 0.01560000
6.55000 0.01040000
6.57500 0.00520000
6.60000 0.00000000
6.62500 -0.00520000
6.65000 -0.01040000
6.67500 -0.01560000
6.70000 -0.01820000
6.72500 -0.02340000
6.75000 -0.02600000
6.77500 -0.02860000
6.80000 -0.02860000
6.82500 -0.02860000
6.85000 -0.02860000
6.87500 -0.02600000
6.90000 -0.02340000
6.92500 -0.02080000
6.95000 -0.01820000
6.97500 -0.01300000
7.00000 -0.00780000
7.02500 -0.00260000
7.05000 0.00260000
7.07500 0.00780000
7.10000 0.01300000
7.12500 0.01820000
7.15000 0.02080000
7.17500 0.02600000
7.20000 0.02860000
7.22500 0.02860000
7.25000 0.02860000
7.27500 0.02860000
7.30000 0.02860000
7.32500 0.02600000
7.35000 0.02340000
7.37500 0.01820000
7.40000 0.01300000
7.42500 0.01040000
7.45000 0.00520000
7.47500 -0.00000000
7.50000 -0.00520000
7.52500 -0.01040000
7.55000 -0.01560000
7.57500 -0.02080000
7.60000 -0.02340000
7.62500 -0.02600000
7.65000 -0.02860000
7.67500 -0.02860000
7.70000 -0.02860000
7.72500 -0.02860000
7.75000 -0.02600000
7.77500 -0.02340000
7.80000 -0.02080000
7.82500 -0.01560000
7.85000 -0.01040000
7.87500 -0.00520000
7.90000 -0.00000000
7.92500 0.00520000
7.95000 0.01040000
7.97500 0.01300000
8.00000 0.01820000
8.02500 0.02340000
8.05000 0.02600000
8.07500 0.02860000
8.10000 0.02860000
8.12500 0.02860000
8.15000 0.02860000
8.17500 0.02860000
8.20000 0.02600000
8.22500 0.02080000
8.25000 0.01820000
8.27500 0.01300000
8.30000 0.00780000
8.32500 0.00260000
8.35000 -0.00260000
8.37500 -0.00780000
8.40000 -0.01300000
8.42500 -0.01820000
8.45000 -0.02080000
8.47500 -0.02340000
8.50000 -0.02600000
8.52500 -0.02860000
8.55000 -0.02860000
8.57500 -0.02860000
8.60000 -0.02860000
8.62500 -0.02600000
8.65000 -0.02340000
8.67500 -0.01820000
8.70000 -0.01560000
8.72500 -0.01040000
8.75000 -0.00520000
8.77500 0.00000000
8.80000 0.00520000
8.82500 0.01040000
8.85000 0.01560000
8.87500 0.01820000
8.90000 0.02340000
8.92500 0.02600000
8.95000 0.02860000
8.97500 0.02860000
9.00000 0.02860000
9.02500 0.02860000
9.05000 0.02600000
9.07500 0.02340000
9.10000 0.02080000
9.12500 0.01820000
9.15000 0.01300000
9.17500 0.00780000
9.20000 0.00260000
9.22500 -0.00260000
9.25000 -0.00780000
9.27500 -0.01300000
9.30000 -0.01820000
9.32500 -0.02080000
9.35000 -0.02600000
9.37500 -0.02860000
9.40000 -0.02860000
9.42500 -0.02860000
9.45000 -0.02860000
9.47500 -0.02860000
9.50000 -0.02600000
9.52500 -0.02340000
9.55000 -0.01820000
9.57500 -0.01300000
9.60000 -0.00780000
9.62500 -0.00520000
9.65000 0.00000000
9.67500 0.00520000
9.70000 0.01040000
9.72500 0.01300000
9.75000 0.01820000
9.77500 0.02080000
9.80000 0.02080000
9.82500 0.02340000
9.85000 0.02340000
9.87500 0.02080000
9.90000 0.02080000
9.92500 0.01820000
9.95000 0.01560000
9.97500 0.01300000
10.00000 0.01040000
10.02500 0.00520000
10.05000 0.00260000
10.07500 0.00000000
10.10000 -0.00260000
10.12500 -0.00260000
10.15000 -0.00520000
10.17500 -0.00780000
10.20000 -0.00780000
10.22500 -0.00780000
10.25000 -0.00780000
10.27500 -0.00780000
10.30000 -0.00780000
10.32500 -0.00520000
10.35000 -0.00520000
10.37500 -0.00520000
10.40000 -0.00260000
10.42500 -0.00260000
10.45000 -0.00260000
10.47500 -0.00000000
10.50000 -0.00000000
10.52500 -0.00000000
10.55000 0.00000000
10.57500 0.00000000
10.60000 0.00000000
10.62500 0.00000000
10.65000 0.00000000
10.67500 0.00000000
10.70000 0.00000000
10.72500 0.00000000
10.75000 0.00000000
10.77500 0.00000000
10.80000 0.00000000
10.82500 0.00000000
10.85000 0.00000000
10.87500 0.00000000
10.90000 0.00000000
10.92500 0.00000000
10.95000 0.00000000
10.97500 0.00000000
11.00000 0.00000000
11.02500 0.00000000
11.05000 0.00000000
11.07500 0.00000000
11.10000 0.00000000
11.12500 0.00000000
11.15000 0.00000000
11.17500 0.00000000
11.20000 0.00000000
11.22500 0.00000000
11.25000 0.00000000
11.27500 0.00000000
11.30000 0.00000000
11.32500 0.00000000
11.35000 0.00000000
11.37500 0.00000000
11.40000 0.00000000
11.42500 0.00000000
11.45000 0.00000000
11.47500 0.00000000
11.50000 0.00000000
11.52500 0.00000000
11.55000 0.00000000
11.57500 0.00000000
11.60000 0.00000000
11.62500 0.00000000
11.65000 0.00000000
11.67500 0.00000000
11.70000 0.00000000
11.72500 0.00000000
11.75000 0.00000000
11.77500 0.00000000
11.80000 0.00000000
11.82500 0.00000000
11.85000 0.00000000
11.87500 0.00000000
11.90000 0.00000000
11.92500 0.00000000
11.95000 0.00000000
11.97500 0.00000000
12.00000 0.00000000
12.02500 0.00000000
12.05000 0.00000000
12.07500 0.00000000
12.10000 0.00000000
12.12500 0.00000000
12.15000 0.00000000
12.17500 0.00000000
12.20000 0.00000000
12.22500 0.00000000
12.25000 0.00000000
12.27500 0.00000000
12.30000 0.00000000
12.32500 0.00000000
12.35000 0.00000000
12.37500 0.00000000
12.40000 0.00000000
12.42500 0.00000000
12.45000 0.00000000
12.47500 0.00000000
12.50000 0.00000000
12.52500 0.00000000
12.55000 0.00000000
12.57500 0.00000000
12.60000 0.00000000
12.62500 0.00000000
12.65000 0.00000000
12.67500 0.00000000
12.70000 0.00000000
12.72500 0.00000000
12.75000 0.00000000
12.77500 0.00000000
12.80000 0.00000000
12.82500 0.00000000
12.85000 0.00000000
12.87500 0.00000000
12.90000 0.00000000
12.92500 0.00000000
12.95000 0.00000000
12.97500 0.00000000
13.00000 0.00000000
13.02500 0.00000000
13.05000 0.00000000
13.07500 0.00000000
13.10000 0.00000000
13.12500 0.00000000
13.15000 0.00000000
13.17500 0.00000000
13.20000 0.00000000
13.22500 0.00000000
13.25000 0.00000000
13.27500 0.00000000
13.30000 0.00000000
13.32500 0.00000000
13.35000 0.00000000
13.37500 0.00000000
13.40000 0.00000000
13.42500 0.00000000
13.45000 0.00000000
13.47500 0.00000000
13.50000 0.00000000
13.52500 0.00000000
13.55000 0.00000000
13.57500 0.00000000
13.60000 0.00000000
13.62500 0.00000000
13.65000 0.00000000
13.67500 0.00000000
13.70000 0.00000000
13.72500 0.00000000
13.75000 0.00000000
13.77500 0.00000000
13.80000 0.00000000
13.82500 0.00000000
13.85000 0.00000000
13.87500 0.00000000
13.90000 0.00000000
13.92500 0.00000000
13.95000 0.00000000
13.97500 0.00000000
14.00000 0.00000000
14.02500 0.00000000
14.05000 0.00000000
14.07500 0.00000000
14.10000 0.00000000
14.12500 0.00000000
14.15000 0.00000000
14.17500 0.00000000
14.20000 0.00000000
14.22500 0.00000000
14.25000 0.00000000
14.27500 0.00000000
14.30000 0.00000000
14.32500 0.00000000
14.35000 0.00000000
14.37500 0.00000000
14.40000 0.00000000
14.42500 0.00000000
14.45000 0.00000000
14.47500 0.00000000
14.50000 0.00000000
14.52500 0.00000000
14.55000 0.00000000
14.57500 0.00000000
14.60000 0.00000000
14.62500 0.00000000
14.65000 0.00000000
14.67500 0.00000000
14.70000 0.00000000
14.72500 0.00000000
14.75000 0.00000000
14.77500 0.00000000
14.80000 0.00000000
14.82500 0.00000000
14.85000 0.00000000
14.87500 0.00000000
14.90000 0.00000000
14.92500 0.00000000
14.95000 0.00000000
14.97500 0.00000000
15.00000 0.00000000
15.02500 0.00000000
15.05000 0.00000000
15.07500 0.00000000
15.10000 0.00000000
15.12500 0.00000000
15.15000 0.00000000
15.17500 0.00000000
15.20000 0.00000000
15.22500 0.00000000
15.25000 0.00000000
15.27500 0.00000000
15.30000 0.00000000
15.32500 0.00000000
15.35000 0.00000000
15.37500 0.00000000
15.40000 0.00000000
15.42500 0.00000000
15.45000 0.00000000
15.47500 0.00000000
15.50000 0.00000000
15.52500 0.00000000
15.55000 0.00000000
15.57500 0.00000000
15.60000 0.00000000
15.62500 0.00000000
15.65000 0.00000000
15.67500 0.00000000
15.70000 0.00000000
15.72500 0.00000000
15.75000 0.00000000
15.77500 0.00000000
15.80000 0.00000000
15.82500 0.00000000
15.85000 0.00000000
15.87500 0.00000000
15.90000 0.00000000
15.92500 0.00000000
15.95000 0.00000000
15.97500 0.00000000
16.00000 0.00000000
