#Time;Degrees
0.000000;0.000000000
0.005000;0.000000000
0.010000;0.000000000
0.015000;0.000000000
0.020000;0.000000000
0.025000;0.000000000
0.030000;0.000000000
0.035000;0.000000000
0.040000;0.000000000
0.045000;0.000000000
0.050000;0.000000000
0.055000;0.000000000
0.060000;0.000000000
0.065000;0.000000000
0.070000;0.000000000
0.075000;0.000000000
0.080000;0.000000000
0.085000;0.000000000
0.090000;0.000000000
0.095000;0.000000000
0.100000;0.000000000
0.105000;0.000000000
0.110000;0.000000000
0.115000;0.000000000
0.120000;0.000000000
0.125000;0.000000000
0.130000;0.000000000
0.135000;0.000000000
0.140000;0.000000000
0.145000;0.000000000
0.150000;0.000000000
0.155000;0.000000000
0.160000;0.000000000
0.165000;0.000000000
0.170000;0.000000000
0.175000;0.000000000
0.180000;0.000000000
0.185000;0.000000000
0.190000;0.000000000
0.195000;0.000000000
0.200000;0.000000000
0.205000;0.000000000
0.210000;0.000000000
0.215000;0.000000000
0.220000;0.000000000
0.225000;0.000000000
0.230000;0.000000000
0.235000;0.000000000
0.240000;0.000000000
0.245000;0.000000000
0.250000;0.000000000
0.255000;0.000000000
0.260000;0.000000000
0.265000;0.000000000
0.270000;0.000000000
0.275000;0.000000000
0.280000;0.000000000
0.285000;0.000000000
0.290000;0.000000000
0.295000;0.000000000
0.300000;0.000000000
0.305000;0.000000000
0.310000;0.000000000
0.315000;0.000000000
0.320000;0.000000000
0.325000;0.000000000
0.330000;0.000000000
0.335000;0.000000000
0.340000;0.000000000
0.345000;0.000000000
0.350000;0.000000000
0.355000;0.000000000
0.360000;0.000000000
0.365000;0.000000000
0.370000;0.000000000
0.375000;0.000000000
0.380000;0.000000000
0.385000;0.000000000
0.390000;0.000000000
0.395000;0.000000000
0.400000;0.000000000
0.405000;0.000000000
0.410000;0.000000000
0.415000;0.000000000
0.420000;0.000000000
0.425000;0.000000000
0.430000;0.000000000
0.435000;0.000000000
0.440000;0.000000000
0.445000;0.000000000
0.450000;0.000000000
0.455000;0.000000000
0.460000;0.000000000
0.465000;0.000000000
0.470000;0.000000000
0.475000;0.000000000
0.480000;0.000000000
0.485000;0.000000000
0.490000;0.000000000
0.495000;0.000000000
0.500000;0.000000000
0.505000;-0.015329261
0.510000;-0.061308091
0.515000;-0.137909641
0.520000;-0.245089177
0.525000;-0.382784110
0.530000;-0.550914029
0.535000;-0.749380751
0.540000;-0.978068378
0.545000;-1.236843361
0.550000;-1.525554585
0.555000;-1.844033449
0.560000;-2.192093972
0.565000;-2.569532895
0.570000;-2.976129804
0.575000;-3.411647259
0.580000;-3.875830930
0.585000;-4.368409746
0.590000;-4.889096055
0.595000;-5.437585792
0.600000;-6.013558653
0.605000;-6.616678287
0.610000;-7.246592489
0.615000;-7.902933406
0.620000;-8.585317754
0.625000;-9.293347041
0.630000;-10.026607795
0.635000;-10.784671815
0.640000;-11.567096412
0.645000;-12.373424671
0.650000;-13.203185721
0.655000;-14.055895004
0.660000;-14.931054561
0.665000;-15.828153324
0.670000;-16.746667414
0.675000;-17.686060442
0.680000;-18.645783831
0.685000;-19.625277129
0.690000;-20.623968340
0.695000;-21.641274255
0.700000;-22.676600797
0.705000;-23.729343364
0.710000;-24.798887184
0.715000;-25.884607675
0.720000;-26.985870805
0.725000;-28.102033468
0.730000;-29.232443856
0.735000;-30.376441842
0.740000;-31.533359363
0.745000;-32.702520811
0.750000;-33.883243430
0.755000;-35.074837711
0.760000;-36.276607795
0.765000;-37.487851884
0.770000;-38.707862645
0.775000;-39.935927625
0.780000;-41.171329670
0.785000;-42.413347339
0.790000;-43.661255329
0.795000;-44.914324898
0.800000;-46.171824287
0.805000;-47.433019152
0.810000;-48.697172992
0.815000;-49.963547575
0.820000;-51.231403375
0.825000;-52.500000000
0.830000;-53.768596625
0.835000;-55.036452425
0.840000;-56.302827008
0.845000;-57.566980848
0.850000;-58.828175713
0.855000;-60.085675102
0.860000;-61.338744671
0.865000;-62.586652661
0.870000;-63.828670330
0.875000;-65.064072375
0.880000;-66.292137355
0.885000;-67.512148116
0.890000;-68.723392205
0.895000;-69.925162289
0.900000;-71.116756570
0.905000;-72.297479189
0.910000;-73.466640637
0.915000;-74.623558158
0.920000;-75.767556144
0.925000;-76.897966532
0.930000;-78.014129195
0.935000;-79.115392325
0.940000;-80.201112816
0.945000;-81.270656636
0.950000;-82.323399203
0.955000;-83.358725745
0.960000;-84.376031660
0.965000;-85.374722871
0.970000;-86.354216169
0.975000;-87.313939558
0.980000;-88.253332586
0.985000;-89.171846676
0.990000;-90.068945439
0.995000;-90.944104996
1.000000;-91.796814279
1.005000;-92.626575329
1.010000;-93.432903588
1.015000;-94.215328185
1.020000;-94.973392205
1.025000;-95.706652959
1.030000;-96.414682246
1.035000;-97.097066594
1.040000;-97.753407511
1.045000;-98.383321713
1.050000;-98.986441347
1.055000;-99.562414208
1.060000;-100.110903945
1.065000;-100.631590254
1.070000;-101.124169070
1.075000;-101.588352741
1.080000;-102.023870196
1.085000;-102.430467105
1.090000;-102.807906028
1.095000;-103.155966551
1.100000;-103.474445415
1.105000;-103.763156639
1.110000;-104.021931622
1.115000;-104.250619249
1.120000;-104.449085971
1.125000;-104.617215890
1.130000;-104.754910823
1.135000;-104.862090359
1.140000;-104.938691909
1.145000;-104.984670739
1.150000;-105.000000000
1.155000;-105.000000000
1.160000;-105.000000000
1.165000;-105.000000000
1.170000;-105.000000000
1.175000;-105.000000000
1.180000;-105.000000000
1.185000;-105.000000000
1.190000;-105.000000000
1.195000;-105.000000000
1.200000;-105.000000000
1.205000;-105.000000000
1.210000;-105.000000000
1.215000;-105.000000000
1.220000;-105.000000000
1.225000;-105.000000000
1.230000;-105.000000000
1.235000;-105.000000000
1.240000;-105.000000000
1.245000;-105.000000000
1.250000;-105.000000000
1.255000;-105.000000000
1.260000;-105.000000000
1.265000;-105.000000000
1.270000;-105.000000000
1.275000;-105.000000000
1.280000;-105.000000000
1.285000;-105.000000000
1.290000;-105.000000000
1.295000;-105.000000000
1.300000;-105.000000000
1.305000;-105.000000000
1.310000;-105.000000000
1.315000;-105.000000000
1.320000;-105.000000000
1.325000;-105.000000000
1.330000;-105.000000000
1.335000;-105.000000000
1.340000;-105.000000000
1.345000;-105.000000000
1.350000;-105.000000000
1.355000;-105.000000000
1.360000;-105.000000000
1.365000;-105.000000000
1.370000;-105.000000000
1.375000;-105.000000000
1.380000;-105.000000000
1.385000;-105.000000000
1.390000;-105.000000000
1.395000;-105.000000000
1.400000;-105.000000000
1.405000;-105.000000000
1.410000;-105.000000000
1.415000;-105.000000000
1.420000;-105.000000000
1.425000;-105.000000000
1.430000;-105.000000000
1.435000;-105.000000000
1.440000;-105.000000000
1.445000;-105.000000000
1.450000;-105.000000000
1.455000;-105.000000000
1.460000;-105.000000000
1.465000;-105.000000000
1.470000;-105.000000000
1.475000;-105.000000000
1.480000;-105.000000000
1.485000;-105.000000000
1.490000;-105.000000000
1.495000;-105.000000000
1.500000;-105.000000000
1.505000;-105.000000000
1.510000;-105.000000000
1.515000;-105.000000000
1.520000;-105.000000000
1.525000;-105.000000000
1.530000;-105.000000000
1.535000;-105.000000000
1.540000;-105.000000000
1.545000;-105.000000000
1.550000;-105.000000000
1.555000;-105.000000000
1.560000;-105.000000000
1.565000;-105.000000000
1.570000;-105.000000000
1.575000;-105.000000000
1.580000;-105.000000000
1.585000;-105.000000000
1.590000;-105.000000000
1.595000;-105.000000000
1.600000;-105.000000000
1.605000;-105.000000000
1.610000;-105.000000000
1.615000;-105.000000000
1.620000;-105.000000000
1.625000;-105.000000000
1.630000;-105.000000000
1.635000;-105.000000000
1.640000;-105.000000000
1.645000;-105.000000000
1.650000;-105.000000000
1.655000;-105.000000000
1.660000;-105.000000000
1.665000;-105.000000000
1.670000;-105.000000000
1.675000;-105.000000000
1.680000;-105.000000000
1.685000;-105.000000000
1.690000;-105.000000000
1.695000;-105.000000000
1.700000;-105.000000000
1.705000;-105.000000000
1.710000;-105.000000000
1.715000;-105.000000000
1.720000;-105.000000000
1.725000;-105.000000000
1.730000;-105.000000000
1.735000;-105.000000000
1.740000;-105.000000000
1.745000;-105.000000000
1.750000;-105.000000000
1.755000;-105.000000000
1.760000;-105.000000000
1.765000;-105.000000000
1.770000;-105.000000000
1.775000;-105.000000000
1.780000;-105.000000000
1.785000;-105.000000000
1.790000;-105.000000000
1.795000;-105.000000000
1.800000;-105.000000000
1.805000;-105.000000000
1.810000;-105.000000000
1.815000;-105.000000000
1.820000;-105.000000000
1.825000;-105.000000000
1.830000;-105.000000000
1.835000;-105.000000000
1.840000;-105.000000000
1.845000;-105.000000000
1.850000;-105.000000000
1.855000;-105.000000000
1.860000;-105.000000000
1.865000;-105.000000000
1.870000;-105.000000000
1.875000;-105.000000000
1.880000;-105.000000000
1.885000;-105.000000000
1.890000;-105.000000000
1.895000;-105.000000000
1.900000;-105.000000000
1.905000;-105.000000000
1.910000;-105.000000000
1.915000;-105.000000000
1.920000;-105.000000000
1.925000;-105.000000000
1.930000;-105.000000000
1.935000;-105.000000000
1.940000;-105.000000000
1.945000;-105.000000000
1.950000;-105.000000000
1.955000;-105.000000000
1.960000;-105.000000000
1.965000;-105.000000000
1.970000;-105.000000000
1.975000;-105.000000000
1.980000;-105.000000000
1.985000;-105.000000000
1.990000;-105.000000000
1.995000;-105.000000000
2.000000;-105.000000000
2.005000;-105.000000000
2.010000;-105.000000000
2.015000;-105.000000000
2.020000;-105.000000000
2.025000;-105.000000000
2.030000;-105.000000000
2.035000;-105.000000000
2.040000;-105.000000000
2.045000;-105.000000000
2.050000;-105.000000000
2.055000;-105.000000000
2.060000;-105.000000000
2.065000;-105.000000000
2.070000;-105.000000000
2.075000;-105.000000000
2.080000;-105.000000000
2.085000;-105.000000000
2.090000;-105.000000000
2.095000;-105.000000000
2.100000;-105.000000000
2.105000;-105.000000000
2.110000;-105.000000000
2.115000;-105.000000000
2.120000;-105.000000000
2.125000;-105.000000000
2.130000;-105.000000000
2.135000;-105.000000000
2.140000;-105.000000000
2.145000;-105.000000000
2.150000;-105.000000000
2.155000;-105.000000000
2.160000;-105.000000000
2.165000;-105.000000000
2.170000;-105.000000000
2.175000;-105.000000000
2.180000;-105.000000000
2.185000;-105.000000000
2.190000;-105.000000000
2.195000;-105.000000000
2.200000;-105.000000000
2.205000;-105.000000000
2.210000;-105.000000000
2.215000;-105.000000000
2.220000;-105.000000000
2.225000;-105.000000000
2.230000;-105.000000000
2.235000;-105.000000000
2.240000;-105.000000000
2.245000;-105.000000000
2.250000;-105.000000000
2.255000;-105.000000000
2.260000;-105.000000000
2.265000;-105.000000000
2.270000;-105.000000000
2.275000;-105.000000000
2.280000;-105.000000000
2.285000;-105.000000000
2.290000;-105.000000000
2.295000;-105.000000000
2.300000;-105.000000000
2.305000;-105.000000000
2.310000;-105.000000000
2.315000;-105.000000000
2.320000;-105.000000000
2.325000;-105.000000000
2.330000;-105.000000000
2.335000;-105.000000000
2.340000;-105.000000000
2.345000;-105.000000000
2.350000;-105.000000000
2.355000;-105.000000000
2.360000;-105.000000000
2.365000;-105.000000000
2.370000;-105.000000000
2.375000;-105.000000000
2.380000;-105.000000000
2.385000;-105.000000000
2.390000;-105.000000000
2.395000;-105.000000000
2.400000;-105.000000000
2.405000;-105.000000000
2.410000;-105.000000000
2.415000;-105.000000000
2.420000;-105.000000000
2.425000;-105.000000000
2.430000;-105.000000000
2.435000;-105.000000000
2.440000;-105.000000000
2.445000;-105.000000000
2.450000;-105.000000000
2.455000;-105.000000000
2.460000;-105.000000000
2.465000;-105.000000000
2.470000;-105.000000000
2.475000;-105.000000000
2.480000;-105.000000000
2.485000;-105.000000000
2.490000;-105.000000000
2.495000;-105.000000000
2.500000;-105.000000000
2.505000;-105.000000000
2.510000;-105.000000000
2.515000;-105.000000000
2.520000;-105.000000000
2.525000;-105.000000000
2.530000;-105.000000000
2.535000;-105.000000000
2.540000;-105.000000000
2.545000;-105.000000000
2.550000;-105.000000000
2.555000;-105.000000000
2.560000;-105.000000000
2.565000;-105.000000000
2.570000;-105.000000000
2.575000;-105.000000000
2.580000;-105.000000000
2.585000;-105.000000000
2.590000;-105.000000000
2.595000;-105.000000000
2.600000;-105.000000000
2.605000;-105.000000000
2.610000;-105.000000000
2.615000;-105.000000000
2.620000;-105.000000000
2.625000;-105.000000000
2.630000;-105.000000000
2.635000;-105.000000000
2.640000;-105.000000000
2.645000;-105.000000000
2.650000;-105.000000000
2.655000;-105.000000000
2.660000;-105.000000000
2.665000;-105.000000000
2.670000;-105.000000000
2.675000;-105.000000000
2.680000;-105.000000000
2.685000;-105.000000000
2.690000;-105.000000000
2.695000;-105.000000000
2.700000;-105.000000000
2.705000;-105.000000000
2.710000;-105.000000000
2.715000;-105.000000000
2.720000;-105.000000000
2.725000;-105.000000000
2.730000;-105.000000000
2.735000;-105.000000000
2.740000;-105.000000000
2.745000;-105.000000000
2.750000;-105.000000000
2.755000;-105.000000000
2.760000;-105.000000000
2.765000;-105.000000000
2.770000;-105.000000000
2.775000;-105.000000000
2.780000;-105.000000000
2.785000;-105.000000000
2.790000;-105.000000000
2.795000;-105.000000000
2.800000;-105.000000000
2.805000;-105.000000000
2.810000;-105.000000000
2.815000;-105.000000000
2.820000;-105.000000000
2.825000;-105.000000000
2.830000;-105.000000000
2.835000;-105.000000000
2.840000;-105.000000000
2.845000;-105.000000000
2.850000;-105.000000000
2.855000;-105.000000000
2.860000;-105.000000000
2.865000;-105.000000000
2.870000;-105.000000000
2.875000;-105.000000000
2.880000;-105.000000000
2.885000;-105.000000000
2.890000;-105.000000000
2.895000;-105.000000000
2.900000;-105.000000000
2.905000;-105.000000000
2.910000;-105.000000000
2.915000;-105.000000000
2.920000;-105.000000000
2.925000;-105.000000000
2.930000;-105.000000000
2.935000;-105.000000000
2.940000;-105.000000000
2.945000;-105.000000000
2.950000;-105.000000000
2.955000;-105.000000000
2.960000;-105.000000000
2.965000;-105.000000000
2.970000;-105.000000000
2.975000;-105.000000000
2.980000;-105.000000000
2.985000;-105.000000000
2.990000;-105.000000000
2.995000;-105.000000000
3.000000;-105.000000000
3.005000;-105.000000000
3.010000;-105.000000000
3.015000;-105.000000000
3.020000;-105.000000000
3.025000;-105.000000000
3.030000;-105.000000000
3.035000;-105.000000000
3.040000;-105.000000000
3.045000;-105.000000000
3.050000;-105.000000000
3.055000;-105.000000000
3.060000;-105.000000000
3.065000;-105.000000000
3.070000;-105.000000000
3.075000;-105.000000000
3.080000;-105.000000000
3.085000;-105.000000000
3.090000;-105.000000000
3.095000;-105.000000000
3.100000;-105.000000000
3.105000;-105.000000000
3.110000;-105.000000000
3.115000;-105.000000000
3.120000;-105.000000000
3.125000;-105.000000000
3.130000;-105.000000000
3.135000;-105.000000000
3.140000;-105.000000000
3.145000;-105.000000000
3.150000;-105.000000000
3.155000;-105.000000000
3.160000;-105.000000000
3.165000;-105.000000000
3.170000;-105.000000000
3.175000;-105.000000000
3.180000;-105.000000000
3.185000;-105.000000000
3.190000;-105.000000000
3.195000;-105.000000000
3.200000;-105.000000000
3.205000;-105.000000000
3.210000;-105.000000000
3.215000;-105.000000000
3.220000;-105.000000000
3.225000;-105.000000000
3.230000;-105.000000000
3.235000;-105.000000000
3.240000;-105.000000000
3.245000;-105.000000000
3.250000;-105.000000000
3.255000;-105.000000000
3.260000;-105.000000000
3.265000;-105.000000000
3.270000;-105.000000000
3.275000;-105.000000000
3.280000;-105.000000000
3.285000;-105.000000000
3.290000;-105.000000000
3.295000;-105.000000000
3.300000;-105.000000000
3.305000;-105.000000000
3.310000;-105.000000000
3.315000;-105.000000000
3.320000;-105.000000000
3.325000;-105.000000000
3.330000;-105.000000000
3.335000;-105.000000000
3.340000;-105.000000000
3.345000;-105.000000000
3.350000;-105.000000000
3.355000;-105.000000000
3.360000;-105.000000000
3.365000;-105.000000000
3.370000;-105.000000000
3.375000;-105.000000000
3.380000;-105.000000000
3.385000;-105.000000000
3.390000;-105.000000000
3.395000;-105.000000000
3.400000;-105.000000000
3.405000;-105.000000000
3.410000;-105.000000000
3.415000;-105.000000000
3.420000;-105.000000000
3.425000;-105.000000000
3.430000;-105.000000000
3.435000;-105.000000000
3.440000;-105.000000000
3.445000;-105.000000000
3.450000;-105.000000000
3.455000;-105.000000000
3.460000;-105.000000000
3.465000;-105.000000000
3.470000;-105.000000000
3.475000;-105.000000000
3.480000;-105.000000000
3.485000;-105.000000000
3.490000;-105.000000000
3.495000;-105.000000000
3.500000;-105.000000000
3.505000;-105.000000000
3.510000;-105.000000000
3.515000;-105.000000000
3.520000;-105.000000000
3.525000;-105.000000000
3.530000;-105.000000000
3.535000;-105.000000000
3.540000;-105.000000000
3.545000;-105.000000000
3.550000;-105.000000000
3.555000;-105.000000000
3.560000;-105.000000000
3.565000;-105.000000000
3.570000;-105.000000000
3.575000;-105.000000000
3.580000;-105.000000000
3.585000;-105.000000000
3.590000;-105.000000000
3.595000;-105.000000000
3.600000;-105.000000000
3.605000;-105.000000000
3.610000;-105.000000000
3.615000;-105.000000000
3.620000;-105.000000000
3.625000;-105.000000000
3.630000;-105.000000000
3.635000;-105.000000000
3.640000;-105.000000000
3.645000;-105.000000000
3.650000;-105.000000000
3.655000;-105.000000000
3.660000;-105.000000000
3.665000;-105.000000000
3.670000;-105.000000000
3.675000;-105.000000000
3.680000;-105.000000000
3.685000;-105.000000000
3.690000;-105.000000000
3.695000;-105.000000000
3.700000;-105.000000000
3.705000;-105.000000000
3.710000;-105.000000000
3.715000;-105.000000000
3.720000;-105.000000000
3.725000;-105.000000000
3.730000;-105.000000000
3.735000;-105.000000000
3.740000;-105.000000000
3.745000;-105.000000000
3.750000;-105.000000000
3.755000;-105.000000000
3.760000;-105.000000000
3.765000;-105.000000000
3.770000;-105.000000000
3.775000;-105.000000000
3.780000;-105.000000000
3.785000;-105.000000000
3.790000;-105.000000000
3.795000;-105.000000000
3.800000;-105.000000000
3.805000;-105.000000000
3.810000;-105.000000000
3.815000;-105.000000000
3.820000;-105.000000000
3.825000;-105.000000000
3.830000;-105.000000000
3.835000;-105.000000000
3.840000;-105.000000000
3.845000;-105.000000000
3.850000;-105.000000000
3.855000;-105.000000000
3.860000;-105.000000000
3.865000;-105.000000000
3.870000;-105.000000000
3.875000;-105.000000000
3.880000;-105.000000000
3.885000;-105.000000000
3.890000;-105.000000000
3.895000;-105.000000000
3.900000;-105.000000000
3.905000;-105.000000000
3.910000;-105.000000000
3.915000;-105.000000000
3.920000;-105.000000000
3.925000;-105.000000000
3.930000;-105.000000000
3.935000;-105.000000000
3.940000;-105.000000000
3.945000;-105.000000000
3.950000;-105.000000000
3.955000;-105.000000000
3.960000;-105.000000000
3.965000;-105.000000000
3.970000;-105.000000000
3.975000;-105.000000000
3.980000;-105.000000000
3.985000;-105.000000000
3.990000;-105.000000000
3.995000;-105.000000000
4.000000;-105.000000000
