0.00000 0 0 0
0.00500 1.019812957e-07 2.588112578e-06 0
0.01000 8.155375842e-07 1.04435429e-05 0
0.01500 2.750680729e-06 2.369250637e-05 0
0.02000 6.514299971e-06 4.244706314e-05 0
0.02500 1.270860969e-05 6.680482406e-05 0
0.03000 2.192960805e-05 9.684869044e-05 0
0.03500 3.476555006e-05 0.0001326466282 0
0.04000 5.179543869e-05 0.000174251477 0
0.04500 7.358753748e-05 0.0002217007943 0
0.05000 0.0001006979081 0.000275016736 0
0.05500 0.0001336689763 0.0003342059721 0
0.06000 0.0001730281295 0.0003992596389 0
0.06500 0.0002192863496 0.0004701533284 0
0.07000 0.0002729368838 0.0005468471124 0
0.07500 0.0003344539563 0.0006292856041 0
0.08000 0.000404291525 0.0007173980559 0
0.08500 0.0004828820847 0.0008110984923 0
0.09000 0.0005706355208 0.0009102858792 0
0.09500 0.0006679380151 0.001014844328 0
0.10000 0.0007751510069 0.001124643336 0
0.10500 0.0008926102122 0.001239538058 0
0.11000 0.001020624702 0.001359369614 0
0.11500 0.001159476044 0.001483965429 0
0.12000 0.001309417504 0.001613139607 0
0.12500 0.001470673324 0.001746693332 0
0.13000 0.001643438051 0.001884415304 0
0.13500 0.001827875953 0.0020260822 0
0.14000 0.002024120492 0.002171459167 0
0.14500 0.002232273876 0.002320300342 0
0.15000 0.002452406682 0.002472349396 0
0.15500 0.002684557553 0.002627340101 0
0.16000 0.002928732968 0.002784996929 0
0.16500 0.00318490709 0.002945035661 0
0.17000 0.003453021688 0.003107164028 0
0.17500 0.003732986131 0.003271082363 0
0.18000 0.004024677468 0.003436484276 0
0.18500 0.004327940572 0.003603057341 0
0.19000 0.004642588365 0.003770483805 0
0.19500 0.004968402119 0.003938441297 0
0.20000 0.005305131829 0.004106603563 0
0.20500 0.005652496657 0.004274641201 0
0.21000 0.006010185455 0.004442222405 0
0.21500 0.006377857353 0.004609013724 0
0.22000 0.006755142419 0.00477468081 0
0.22500 0.007141642391 0.004938889185 0
0.23000 0.007536931466 0.005101304996 0
0.23500 0.007940557166 0.005261595779 0
0.24000 0.008352041258 0.005419431216 0
0.24500 0.00877088074 0.005574483885 0
0.25000 0.009196548883 0.005726430011 0
0.25500 0.009628496331 0.005874950208 0
0.26000 0.01006615225 0.006019730202 0
0.26500 0.01050892554 0.006160461558 0
0.27000 0.01095620608 0.006296842385 0
0.27500 0.01140736604 0.006428578026 0
0.28000 0.01186176118 0.006555381738 0
0.28500 0.0123187323 0.00667697535 0
0.29000 0.01277760659 0.006793089904 0
0.29500 0.01323769913 0.006903466275 0
0.30000 0.01369831434 0.00700785577 0
0.30500 0.01415874748 0.007106020701 0
0.31000 0.01461828622 0.007197734938 0
0.31500 0.01507621214 0.007282784432 0
0.32000 0.01553180234 0.007360967714 0
0.32500 0.01598433099 0.007432096362 0
0.33000 0.01643307091 0.007495995446 0
0.33500 0.01687729518 0.007552503933 0
0.34000 0.01731627875 0.007601475069 0
0.34500 0.01774929998 0.007642776724 0
0.35000 0.01817564228 0.007676291709 0
0.35500 0.01859459564 0.007701918053 0
0.36000 0.01900545823 0.007719569247 0
0.36500 0.01940753792 0.007729174464 0
0.37000 0.01980015384 0.007730678724 0
0.37500 0.02018263784 0.007724043044 0
0.38000 0.02055433599 0.007709244533 0
0.38500 0.02091461005 0.007686276469 0
0.39000 0.02126283883 0.007655148322 0
0.39500 0.02159841961 0.007615885755 0
0.40000 0.02192076944 0.00756853058 0
0.40500 0.02222932648 0.007513140678 0
0.41000 0.02252355119 0.007449789889 0
0.41500 0.02280292756 0.007378567859 0
0.42000 0.02306696427 0.007299579852 0
0.42500 0.02331519575 0.007212946533 0
0.43000 0.02354718322 0.007118803709 0
0.43500 0.02376251568 0.007017302041 0
0.44000 0.02396081082 0.006908606719 0
0.44500 0.02414171586 0.006792897104 0
0.45000 0.02430490836 0.006670366342 0
0.45500 0.02445009691 0.006541220945 0
0.46000 0.02457702179 0.00640568034 0
0.46500 0.02468545555 0.006263976389 0
0.47000 0.02477520352 0.006116352887 0
0.47500 0.02484610426 0.005963065022 0
0.48000 0.02489802986 0.005804378822 0
0.48500 0.02493088632 0.005640570569 0
0.49000 0.02494461367 0.005471926191 0
0.49500 0.02493918617 0.005298740637 0
0.50000 0.02491461233 0.005121317226 0
0.50500 0.02487707256 0.004941186071 0
0.51000 0.02483273166 0.004759704046 0
0.51500 0.02478160173 0.004576920765 0
0.52000 0.02472369677 0.004392886199 0
0.52500 0.02465903259 0.004207650662 0
0.53000 0.02458762687 0.004021264796 0
0.53500 0.02450949915 0.003833779556 0
0.54000 0.02442467077 0.003645246199 0
0.54500 0.02433316493 0.003455716268 0
0.55000 0.02423500665 0.003265241578 0
0.55500 0.02413022276 0.003073874204 0
0.56000 0.0240188419 0.002881666464 0
0.56500 0.02390089454 0.002688670905 0
0.57000 0.02377641291 0.00249494029 0
0.57500 0.02364543104 0.002300527583 0
0.58000 0.02350798475 0.002105485935 0
0.58500 0.02336411161 0.001909868668 0
0.59000 0.02321385096 0.001713729262 0
0.59500 0.02305724387 0.00151712134 0
0.60000 0.02289433317 0.001320098652 0
0.60500 0.02272516338 0.001122715062 0
0.61000 0.02254978075 0.000925024533 0
0.61500 0.02236823325 0.0007270811115 0
0.62000 0.02218057049 0.0005289389132 0
0.62500 0.02198684378 0.0003306521084 0
0.63000 0.02178710609 0.0001322749066 0
0.63500 0.02158141202 -6.613845785e-05 0
0.64000 0.02136981781 -0.0002645337407 0
0.64500 0.02115238131 -0.0004628567027 0
0.65000 0.02092916196 -0.0006610531243 0
0.65500 0.02070022078 -0.0008590688205 0
0.66000 0.02046562037 -0.001056849656 0
0.66500 0.02022542486 -0.001254341559 0
0.67000 0.01997969992 -0.001451490538 0
0.67500 0.01972851273 -0.001648242694 0
0.68000 0.01947193197 -0.001844544237 0
0.68500 0.01921002777 -0.002040341499 0
0.69000 0.01894287174 -0.002235580953 0
0.69500 0.01867053692 -0.002430209221 0
0.70000 0.01839309777 -0.002624173094 0
0.70500 0.01811063012 -0.002817419545 0
0.71000 0.01782321121 -0.003009895741 0
0.71500 0.01753091961 -0.003201549062 0
0.72000 0.01723383523 -0.003392327111 0
0.72500 0.01693203929 -0.003582177732 0
0.73000 0.0166256143 -0.003771049021 0
0.73500 0.01631464404 -0.003958889343 0
0.74000 0.01599921351 -0.004145647345 0
0.74500 0.01567940896 -0.004331271967 0
0.75000 0.01535531782 -0.004515712463 0
0.75500 0.01502702868 -0.004698918409 0
0.76000 0.01469463131 -0.004880839717 0
0.76500 0.01435821657 -0.005061426652 0
0.77000 0.01401787643 -0.005240629844 0
0.77500 0.01367370395 -0.0054184003 0
0.78000 0.01332579322 -0.005594689419 0
0.78500 0.01297423934 -0.005769449006 0
0.79000 0.01261913844 -0.005942631283 0
0.79500 0.0122605876 -0.006114188905 0
0.80000 0.01189868483 -0.006284074968 0
0.80500 0.01153352907 -0.006452243028 0
0.81000 0.01116522017 -0.006618647109 0
0.81500 0.01079385881 -0.006783241717 0
0.82000 0.01041954651 -0.006945981856 0
0.82500 0.01004238562 -0.007106823032 0
0.83000 0.009662479232 -0.007265721274 0
0.83500 0.009279931223 -0.00742263314 0
0.84000 0.008894846173 -0.007577515732 0
0.84500 0.008507329361 -0.007730326707 0
0.85000 0.00811748673 -0.007881024289 0
0.85500 0.007725424859 -0.008029567276 0
0.86000 0.007331250935 -0.008175915061 0
0.86500 0.006935072719 -0.008320027631 0
0.87000 0.006536998524 -0.008461865589 0
0.87500 0.006137137179 -0.008601390158 0
0.88000 0.005735598001 -0.008738563192 0
0.88500 0.005332490769 -0.008873347191 0
0.89000 0.004927925686 -0.009005705305 0
0.89500 0.004522013358 -0.009135601349 0
0.90000 0.004114864757 -0.009262999811 0
0.90500 0.003706591193 -0.009387865861 0
0.91000 0.003297304284 -0.009510165363 0
0.91500 0.002887115924 -0.00962986488 0
0.92000 0.002476138256 -0.009746931688 0
0.92500 0.002064483637 -0.009861333783 0
0.93000 0.001652264608 -0.009973039887 0
0.93500 0.001239593867 -0.01008201946 0
0.94000 0.0008265842329 -0.01018824271 0
0.94500 0.0004133486192 -0.0102916806 0
0.95000 -8.040613248e-18 -0.01039230485 0
0.95500 -0.0004133486192 -0.01049008794 0
0.96000 -0.0008265842329 -0.01058500314 0
0.96500 -0.001239593867 -0.01067702452 0
0.97000 -0.001652264608 -0.0107661269 0
0.97500 -0.002064483637 -0.01085228593 0
0.98000 -0.002476138256 -0.01093547805 0
0.98500 -0.002887115924 -0.01101568052 0
0.99000 -0.003297304284 -0.01109287142 0
0.99500 -0.003706591193 -0.01116702963 0
1.00000 -0.004114864757 -0.01123813489 0
1.00500 -0.004522013358 -0.01130616776 0
1.01000 -0.004927925686 -0.01137110963 0
1.01500 -0.005332490769 -0.01143294276 0
1.02000 -0.005735598001 -0.01149165023 0
1.02500 -0.006137137179 -0.011547216 0
1.03000 -0.006536998524 -0.01159962488 0
1.03500 -0.006935072719 -0.01164886254 0
1.04000 -0.007331250935 -0.01169491551 0
1.04500 -0.007725424859 -0.01173777121 0
1.05000 -0.00811748673 -0.01177741792 0
1.05500 -0.008507329361 -0.0118138448 0
1.06000 -0.008894846173 -0.0118470419 0
1.06500 -0.009279931223 -0.01187700013 0
1.07000 -0.009662479232 -0.01190371131 0
1.07500 -0.01004238562 -0.01192716813 0
1.08000 -0.01041954651 -0.01194736418 0
1.08500 -0.01079385881 -0.01196429395 0
1.09000 -0.01116522017 -0.01197795279 0
1.09500 -0.01153352907 -0.01198833698 0
1.10000 -0.01189868483 -0.01199544368 0
1.10500 -0.0122605876 -0.01199927095 0
1.11000 -0.01261913844 -0.01199981774 0
1.11500 -0.01297423934 -0.01199708389 0
1.12000 -0.01332579322 -0.01199107016 0
1.12500 -0.01367370395 -0.0119817782 0
1.13000 -0.01401787643 -0.01196921053 0
1.13500 -0.01435821657 -0.0119533706 0
1.14000 -0.01469463131 -0.01193426274 0
1.14500 -0.01502702868 -0.01191189218 0
1.15000 -0.01535531782 -0.01188626502 0
1.15500 -0.01567940896 -0.01185738827 0
1.16000 -0.01599921351 -0.01182526983 0
1.16500 -0.01631464404 -0.01178991848 0
1.17000 -0.0166256143 -0.01175134389 0
1.17500 -0.01693203929 -0.01170955659 0
1.18000 -0.01723383523 -0.01166456802 0
1.18500 -0.01753091961 -0.01161639047 0
1.19000 -0.01782321121 -0.01156503712 0
1.19500 -0.01811063012 -0.011510522 0
1.20000 -0.01839309777 -0.01145286002 0
1.20500 -0.01867053692 -0.01139206695 0
1.21000 -0.01894287174 -0.01132815939 0
1.21500 -0.01921002777 -0.01126115483 0
1.22000 -0.01947193197 -0.01119107158 0
1.22500 -0.01972851273 -0.01111792881 0
1.23000 -0.01997969992 -0.0110417465 0
1.23500 -0.02022542486 -0.01096254549 0
1.24000 -0.02046562037 -0.01088034743 0
1.24500 -0.02070022078 -0.01079517479 0
1.25000 -0.02092916196 -0.01070705086 0
1.25500 -0.02115238131 -0.01061599973 0
1.26000 -0.02136981781 -0.01052204629 0
1.26500 -0.02158141202 -0.01042521623 0
1.27000 -0.02178710609 -0.01032553602 0
1.27500 -0.02198684378 -0.01022303291 0
1.28000 -0.02218057049 -0.01011773492 0
1.28500 -0.02236823325 -0.01000967085 0
1.29000 -0.02254978075 -0.009898870229 0
1.29500 -0.02272516338 -0.009785363359 0
1.30000 -0.02289433317 -0.009669181268 0
1.30500 -0.02305724387 -0.00955035572 0
1.31000 -0.02321385096 -0.009428919199 0
1.31500 -0.02336411161 -0.009304904907 0
1.32000 -0.02350798475 -0.009178346746 0
1.32500 -0.02364543104 -0.009049279317 0
1.33000 -0.02377641291 -0.008917737906 0
1.33500 -0.02390089454 -0.008783758474 0
1.34000 -0.0240188419 -0.00864737765 0
1.34500 -0.02413022276 -0.008508632719 0
1.35000 -0.02423500665 -0.008367561613 0
1.35500 -0.02433316493 -0.008224202899 0
1.36000 -0.02442467077 -0.008078595771 0
1.36500 -0.02450949915 -0.007930780035 0
1.37000 -0.02458762687 -0.007780796103 0
1.37500 -0.02465903259 -0.007628684979 0
1.38000 -0.02472369677 -0.007474488248 0
1.38500 -0.02478160173 -0.007318248067 0
1.39000 -0.02483273166 -0.00716000715 0
1.39500 -0.02487707256 -0.006999808759 0
1.40000 -0.02491461233 -0.00683769669 0
1.40500 -0.02494534068 -0.006673715263 0
1.41000 -0.02496924923 -0.006507909309 0
1.41500 -0.02498633143 -0.006340324157 0
1.42000 -0.02499658262 -0.006171005624 0
1.42500 -0.025 -0.006 0
1.43000 -0.02499658262 -0.005827354036 0
1.43500 -0.02498633143 -0.005653114931 0
1.44000 -0.02496924923 -0.005477330321 0
1.44500 -0.02494534068 -0.005300048264 0
1.45000 -0.02491461233 -0.005121317226 0
1.45500 -0.02487707256 -0.004941186071 0
1.46000 -0.02483273166 -0.004759704046 0
1.46500 -0.02478160173 -0.004576920765 0
1.47000 -0.02472369677 -0.004392886199 0
1.47500 -0.02465903259 -0.004207650662 0
1.48000 -0.02458762687 -0.004021264796 0
1.48500 -0.02450949915 -0.003833779556 0
1.49000 -0.02442467077 -0.003645246199 0
1.49500 -0.02433316493 -0.003455716268 0
1.50000 -0.02423500665 -0.003265241578 0
1.50500 -0.02413022276 -0.003073874204 0
1.51000 -0.0240188419 -0.002881666464 0
1.51500 -0.02390089454 -0.002688670905 0
1.52000 -0.02377641291 -0.00249494029 0
1.52500 -0.02364543104 -0.002300527583 0
1.53000 -0.02350798475 -0.002105485935 0
1.53500 -0.02336411161 -0.001909868668 0
1.54000 -0.02321385096 -0.001713729262 0
1.54500 -0.02305724387 -0.00151712134 0
1.55000 -0.02289433317 -0.001320098652 0
1.55500 -0.02272516338 -0.001122715062 0
1.56000 -0.02254978075 -0.000925024533 0
1.56500 -0.02236823325 -0.0007270811115 0
1.57000 -0.02218057049 -0.0005289389132 0
1.57500 -0.02198684378 -0.0003306521084 0
1.58000 -0.02178710609 -0.0001322749066 0
1.58500 -0.02158141202 6.613845785e-05 0
1.59000 -0.02136981781 0.0002645337407 0
1.59500 -0.02115238131 0.0004628567027 0
1.60000 -0.02092916196 0.0006610531243 0
1.60500 -0.02070022078 0.0008590688205 0
1.61000 -0.02046562037 0.001056849656 0
1.61500 -0.02022542486 0.001254341559 0
1.62000 -0.01997969992 0.001451490538 0
1.62500 -0.01972851273 0.001648242694 0
1.63000 -0.01947193197 0.001844544237 0
1.63500 -0.01921002777 0.002040341499 0
1.64000 -0.01894287174 0.002235580953 0
1.64500 -0.01867053692 0.002430209221 0
1.65000 -0.01839309777 0.002624173094 0
1.65500 -0.01811063012 0.002817419545 0
1.66000 -0.01782321121 0.003009895741 0
1.66500 -0.01753091961 0.003201549062 0
1.67000 -0.01723383523 0.003392327111 0
1.67500 -0.01693203929 0.003582177732 0
1.68000 -0.0166256143 0.003771049021 0
1.68500 -0.01631464404 0.003958889343 0
1.69000 -0.01599921351 0.004145647345 0
1.69500 -0.01567940896 0.004331271967 0
1.70000 -0.01535531782 0.004515712463 0
1.70500 -0.01502702868 0.004698918409 0
1.71000 -0.01469463131 0.004880839717 0
1.71500 -0.01435821657 0.005061426652 0
1.72000 -0.01401787643 0.005240629844 0
1.72500 -0.01367370395 0.0054184003 0
1.73000 -0.01332579322 0.005594689419 0
1.73500 -0.01297423934 0.005769449006 0
1.74000 -0.01261913844 0.005942631283 0
1.74500 -0.0122605876 0.006114188905 0
1.75000 -0.01189868483 0.006284074968 0
1.75500 -0.01153352907 0.006452243028 0
1.76000 -0.01116522017 0.006618647109 0
1.76500 -0.01079385881 0.006783241717 0
1.77000 -0.01041954651 0.006945981856 0
1.77500 -0.01004238562 0.007106823032 0
1.78000 -0.009662479232 0.007265721274 0
1.78500 -0.009279931223 0.00742263314 0
1.79000 -0.008894846173 0.007577515732 0
1.79500 -0.008507329361 0.007730326707 0
1.80000 -0.00811748673 0.007881024289 0
1.80500 -0.007725424859 0.008029567276 0
1.81000 -0.007331250935 0.008175915061 0
1.81500 -0.006935072719 0.008320027631 0
1.82000 -0.006536998524 0.008461865589 0
1.82500 -0.006137137179 0.008601390158 0
1.83000 -0.005735598001 0.008738563192 0
1.83500 -0.005332490769 0.008873347191 0
1.84000 -0.004927925686 0.009005705305 0
1.84500 -0.004522013358 0.009135601349 0
1.85000 -0.004114864757 0.009262999811 0
1.85500 -0.003706591193 0.009387865861 0
1.86000 -0.003297304284 0.009510165363 0
1.86500 -0.002887115924 0.00962986488 0
1.87000 -0.002476138256 0.009746931688 0
1.87500 -0.002064483637 0.009861333783 0
1.88000 -0.001652264608 0.009973039887 0
1.88500 -0.001239593867 0.01008201946 0
1.89000 -0.0008265842329 0.01018824271 0
1.89500 -0.0004133486192 0.0102916806 0
1.90000 1.60812265e-17 0.01039230485 0
1.90500 0.0004133486192 0.01049008794 0
1.91000 0.0008265842329 0.01058500314 0
1.91500 0.001239593867 0.01067702452 0
1.92000 0.001652264608 0.0107661269 0
1.92500 0.002064483637 0.01085228593 0
1.93000 0.002476138256 0.01093547805 0
1.93500 0.002887115924 0.01101568052 0
1.94000 0.003297304284 0.01109287142 0
1.94500 0.003706591193 0.01116702963 0
1.95000 0.004114864757 0.01123813489 0
1.95500 0.004522013358 0.01130616776 0
1.96000 0.004927925686 0.01137110963 0
1.96500 0.005332490769 0.01143294276 0
1.97000 0.005735598001 0.01149165023 0
1.97500 0.006137137179 0.011547216 0
1.98000 0.006536998524 0.01159962488 0
1.98500 0.006935072719 0.01164886254 0
1.99000 0.007331250935 0.01169491551 0
1.99500 0.007725424859 0.01173777121 0
2.00000 0.00811748673 0.01177741792 0
2.00500 0.008507329361 0.0118138448 0
2.01000 0.008894846173 0.0118470419 0
2.01500 0.009279931223 0.01187700013 0
2.02000 0.009662479232 0.01190371131 0
2.02500 0.01004238562 0.01192716813 0
2.03000 0.01041954651 0.01194736418 0
2.03500 0.01079385881 0.01196429395 0
2.04000 0.01116522017 0.01197795279 0
2.04500 0.01153352907 0.01198833698 0
2.05000 0.01189868483 0.01199544368 0
2.05500 0.0122605876 0.01199927095 0
2.06000 0.01261913844 0.01199981774 0
2.06500 0.01297423934 0.01199708389 0
2.07000 0.01332579322 0.01199107016 0
2.07500 0.01367370395 0.0119817782 0
2.08000 0.01401787643 0.01196921053 0
2.08500 0.01435821657 0.0119533706 0
2.09000 0.01469463131 0.01193426274 0
2.09500 0.01502702868 0.01191189218 0
2.10000 0.01535531782 0.01188626502 0
2.10500 0.01567940896 0.01185738827 0
2.11000 0.01599921351 0.01182526983 0
2.11500 0.01631464404 0.01178991848 0
2.12000 0.0166256143 0.01175134389 0
2.12500 0.01693203929 0.01170955659 0
2.13000 0.01723383523 0.01166456802 0
2.13500 0.01753091961 0.01161639047 0
2.14000 0.01782321121 0.01156503712 0
2.14500 0.01811063012 0.011510522 0
2.15000 0.01839309777 0.01145286002 0
2.15500 0.01867053692 0.01139206695 0
2.16000 0.01894287174 0.01132815939 0
2.16500 0.01921002777 0.01126115483 0
2.17000 0.01947193197 0.01119107158 0
2.17500 0.01972851273 0.01111792881 0
2.18000 0.01997969992 0.0110417465 0
2.18500 0.02022542486 0.01096254549 0
2.19000 0.02046562037 0.01088034743 0
2.19500 0.02070022078 0.01079517479 0
2.20000 0.02092916196 0.01070705086 0
2.20500 0.02115238131 0.01061599973 0
2.21000 0.02136981781 0.01052204629 0
2.21500 0.02158141202 0.01042521623 0
2.22000 0.02178710609 0.01032553602 0
2.22500 0.02198684378 0.01022303291 0
2.23000 0.02218057049 0.01011773492 0
2.23500 0.02236823325 0.01000967085 0
2.24000 0.02254978075 0.009898870229 0
2.24500 0.02272516338 0.009785363359 0
2.25000 0.02289433317 0.009669181268 0
2.25500 0.02305724387 0.00955035572 0
2.26000 0.02321385096 0.009428919199 0
2.26500 0.02336411161 0.009304904907 0
2.27000 0.02350798475 0.009178346746 0
2.27500 0.02364543104 0.009049279317 0
2.28000 0.02377641291 0.008917737906 0
2.28500 0.02390089454 0.008783758474 0
2.29000 0.0240188419 0.00864737765 0
2.29500 0.02413022276 0.008508632719 0
2.30000 0.02423500665 0.008367561613 0
2.30500 0.02433316493 0.008224202899 0
2.31000 0.02442467077 0.008078595771 0
2.31500 0.02450949915 0.007930780035 0
2.32000 0.02458762687 0.007780796103 0
2.32500 0.02465903259 0.007628684979 0
2.33000 0.02472369677 0.007474488248 0
2.33500 0.02478160173 0.007318248067 0
2.34000 0.02483273166 0.00716000715 0
2.34500 0.02487707256 0.006999808759 0
2.35000 0.02491461233 0.00683769669 0
2.35500 0.02494534068 0.006673715263 0
2.36000 0.02496924923 0.006507909309 0
2.36500 0.02498633143 0.006340324157 0
2.37000 0.02499658262 0.006171005624 0
2.37500 0.025 0.006 0
2.38000 0.02499658262 0.005827354036 0
2.38500 0.02498633143 0.005653114931 0
2.39000 0.02496924923 0.005477330321 0
2.39500 0.02494534068 0.005300048264 0
2.40000 0.02491461233 0.005121317226 0
2.40500 0.02487707256 0.004941186071 0
2.41000 0.02483273166 0.004759704046 0
2.41500 0.02478160173 0.004576920765 0
2.42000 0.02472369677 0.004392886199 0
2.42500 0.02465903259 0.004207650662 0
2.43000 0.02458762687 0.004021264796 0
2.43500 0.02450949915 0.003833779556 0
2.44000 0.02442467077 0.003645246199 0
2.44500 0.02433316493 0.003455716268 0
2.45000 0.02423500665 0.003265241578 0
2.45500 0.02413022276 0.003073874204 0
2.46000 0.0240188419 0.002881666464 0
2.46500 0.02390089454 0.002688670905 0
2.47000 0.02377641291 0.00249494029 0
2.47500 0.02364543104 0.002300527583 0
2.48000 0.02350798475 0.002105485935 0
2.48500 0.02336411161 0.001909868668 0
2.49000 0.02321385096 0.001713729262 0
2.49500 0.02305724387 0.00151712134 0
2.50000 0.02289433317 0.001320098652 0
2.50500 0.02272516338 0.001122715062 0
2.51000 0.02254978075 0.000925024533 0
2.51500 0.02236823325 0.0007270811115 0
2.52000 0.02218057049 0.0005289389132 0
2.52500 0.02198684378 0.0003306521084 0
2.53000 0.02178710609 0.0001322749066 0
2.53500 0.02158141202 -6.613845785e-05 0
2.54000 0.02136981781 -0.0002645337407 0
2.54500 0.02115238131 -0.0004628567027 0
2.55000 0.02092916196 -0.0006610531243 0
2.55500 0.02070022078 -0.0008590688205 0
2.56000 0.02046562037 -0.001056849656 0
2.56500 0.02022542486 -0.001254341559 0
2.57000 0.01997969992 -0.001451490538 0
2.57500 0.01972851273 -0.001648242694 0
2.58000 0.01947193197 -0.001844544237 0
2.58500 0.01921002777 -0.002040341499 0
2.59000 0.01894287174 -0.002235580953 0
2.59500 0.01867053692 -0.002430209221 0
2.60000 0.01839309777 -0.002624173094 0
2.60500 0.01811063012 -0.002817419545 0
2.61000 0.01782321121 -0.003009895741 0
2.61500 0.01753091961 -0.003201549062 0
2.62000 0.01723383523 -0.003392327111 0
2.62500 0.01693203929 -0.003582177732 0
2.63000 0.0166256143 -0.003771049021 0
2.63500 0.01631464404 -0.003958889343 0
2.64000 0.01599921351 -0.004145647345 0
2.64500 0.01567940896 -0.004331271967 0
2.65000 0.01535531782 -0.004515712463 0
2.65500 0.01502702868 -0.004698918409 0
2.66000 0.01469463131 -0.004880839717 0
2.66500 0.01435821657 -0.005061426652 0
2.67000 0.01401787643 -0.005240629844 0
2.67500 0.01367370395 -0.0054184003 0
2.68000 0.01332579322 -0.005594689419 0
2.68500 0.01297423934 -0.005769449006 0
2.69000 0.01261913844 -0.005942631283 0
2.69500 0.0122605876 -0.006114188905 0
2.70000 0.01189868483 -0.006284074968 0
2.70500 0.01153352907 -0.006452243028 0
2.71000 0.01116522017 -0.006618647109 0
2.71500 0.01079385881 -0.006783241717 0
2.72000 0.01041954651 -0.006945981856 0
2.72500 0.01004238562 -0.007106823032 0
2.73000 0.009662479232 -0.007265721274 0
2.73500 0.009279931223 -0.00742263314 0
2.74000 0.008894846173 -0.007577515732 0
2.74500 0.008507329361 -0.007730326707 0
2.75000 0.00811748673 -0.007881024289 0
2.75500 0.007725424859 -0.008029567276 0
2.76000 0.007331250935 -0.008175915061 0
2.76500 0.006935072719 -0.008320027631 0
2.77000 0.006536998524 -0.008461865589 0
2.77500 0.006137137179 -0.008601390158 0
2.78000 0.005735598001 -0.008738563192 0
2.78500 0.005332490769 -0.008873347191 0
2.79000 0.004927925686 -0.009005705305 0
2.79500 0.004522013358 -0.009135601349 0
2.80000 0.004114864757 -0.009262999811 0
2.80500 0.003706591193 -0.009387865861 0
2.81000 0.003297304284 -0.009510165363 0
2.81500 0.002887115924 -0.00962986488 0
2.82000 0.002476138256 -0.009746931688 0
2.82500 0.002064483637 -0.009861333783 0
2.83000 0.001652264608 -0.009973039887 0
2.83500 0.001239593867 -0.01008201946 0
2.84000 0.0008265842329 -0.01018824271 0
2.84500 0.0004133486192 -0.0102916806 0
2.85000 9.184850994e-18 -0.01039230485 0
2.85500 -0.0004133486192 -0.01049008794 0
2.86000 -0.0008265842329 -0.01058500314 0
2.86500 -0.001239593867 -0.01067702452 0
2.87000 -0.001652264608 -0.0107661269 0
2.87500 -0.002064483637 -0.01085228593 0
2.88000 -0.002476138256 -0.01093547805 0
2.88500 -0.002887115924 -0.01101568052 0
2.89000 -0.003297304284 -0.01109287142 0
2.89500 -0.003706591193 -0.01116702963 0
2.90000 -0.004114864757 -0.01123813489 0
2.90500 -0.004522013358 -0.01130616776 0
2.91000 -0.004927925686 -0.01137110963 0
2.91500 -0.005332490769 -0.01143294276 0
2.92000 -0.005735598001 -0.01149165023 0
2.92500 -0.006137137179 -0.011547216 0
2.93000 -0.006536998524 -0.01159962488 0
2.93500 -0.006935072719 -0.01164886254 0
2.94000 -0.007331250935 -0.01169491551 0
2.94500 -0.007725424859 -0.01173777121 0
2.95000 -0.00811748673 -0.01177741792 0
2.95500 -0.008507329361 -0.0118138448 0
2.96000 -0.008894846173 -0.0118470419 0
2.96500 -0.009279931223 -0.01187700013 0
2.97000 -0.009662479232 -0.01190371131 0
2.97500 -0.01004238562 -0.01192716813 0
2.98000 -0.01041954651 -0.01194736418 0
2.98500 -0.01079385881 -0.01196429395 0
2.99000 -0.01116522017 -0.01197795279 0
2.99500 -0.01153352907 -0.01198833698 0
3.00000 -0.01189868483 -0.01199544368 0
3.00500 -0.0122605876 -0.01199927095 0
3.01000 -0.01261913844 -0.01199981774 0
3.01500 -0.01297423934 -0.01199708389 0
3.02000 -0.01332579322 -0.01199107016 0
3.02500 -0.01367370395 -0.0119817782 0
3.03000 -0.01401787643 -0.01196921053 0
3.03500 -0.01435821657 -0.0119533706 0
3.04000 -0.01469463131 -0.01193426274 0
3.04500 -0.01502702868 -0.01191189218 0
3.05000 -0.01535531782 -0.01188626502 0
3.05500 -0.01567940896 -0.01185738827 0
3.06000 -0.01599921351 -0.01182526983 0
3.06500 -0.01631464404 -0.01178991848 0
3.07000 -0.0166256143 -0.01175134389 0
3.07500 -0.01693203929 -0.01170955659 0
3.08000 -0.01723383523 -0.01166456802 0
3.08500 -0.01753091961 -0.01161639047 0
3.09000 -0.01782321121 -0.01156503712 0
3.09500 -0.01811063012 -0.011510522 0
3.10000 -0.01839309777 -0.01145286002 0
3.10500 -0.01867053692 -0.01139206695 0
3.11000 -0.01894287174 -0.01132815939 0
3.11500 -0.01921002777 -0.01126115483 0
3.12000 -0.01947193197 -0.01119107158 0
3.12500 -0.01972851273 -0.01111792881 0
3.13000 -0.01997969992 -0.0110417465 0
3.13500 -0.02022542486 -0.01096254549 0
3.14000 -0.02046562037 -0.01088034743 0
3.14500 -0.02070022078 -0.01079517479 0
3.15000 -0.02092916196 -0.01070705086 0
3.15500 -0.02115238131 -0.01061599973 0
3.16000 -0.02136981781 -0.01052204629 0
3.16500 -0.02158141202 -0.01042521623 0
3.17000 -0.02178710609 -0.01032553602 0
3.17500 -0.02198684378 -0.01022303291 0
3.18000 -0.02218057049 -0.01011773492 0
3.18500 -0.02236823325 -0.01000967085 0
3.19000 -0.02254978075 -0.009898870229 0
3.19500 -0.02272516338 -0.009785363359 0
3.20000 -0.02289433317 -0.009669181268 0
3.20500 -0.02305724387 -0.00955035572 0
3.21000 -0.02321385096 -0.009428919199 0
3.21500 -0.02336411161 -0.009304904907 0
3.22000 -0.02350798475 -0.009178346746 0
3.22500 -0.02364543104 -0.009049279317 0
3.23000 -0.02377641291 -0.008917737906 0
3.23500 -0.02390089454 -0.008783758474 0
3.24000 -0.0240188419 -0.00864737765 0
3.24500 -0.02413022276 -0.008508632719 0
3.25000 -0.02423500665 -0.008367561613 0
3.25500 -0.02433316493 -0.008224202899 0
3.26000 -0.02442467077 -0.008078595771 0
3.26500 -0.02450949915 -0.007930780035 0
3.27000 -0.02458762687 -0.007780796103 0
3.27500 -0.02465903259 -0.007628684979 0
3.28000 -0.02472369677 -0.007474488248 0
3.28500 -0.02478160173 -0.007318248067 0
3.29000 -0.02483273166 -0.00716000715 0
3.29500 -0.02487707256 -0.006999808759 0
3.30000 -0.02491461233 -0.00683769669 0
3.30500 -0.02494534068 -0.006673715263 0
3.31000 -0.02496924923 -0.006507909309 0
3.31500 -0.02498633143 -0.006340324157 0
3.32000 -0.02499658262 -0.006171005624 0
3.32500 -0.025 -0.006 0
3.33000 -0.02499658262 -0.005827354036 0
3.33500 -0.02498633143 -0.005653114931 0
3.34000 -0.02496924923 -0.005477330321 0
3.34500 -0.02494534068 -0.005300048264 0
3.35000 -0.02491461233 -0.005121317226 0
3.35500 -0.02487707256 -0.004941186071 0
3.36000 -0.02483273166 -0.004759704046 0
3.36500 -0.02478160173 -0.004576920765 0
3.37000 -0.02472369677 -0.004392886199 0
3.37500 -0.02465903259 -0.004207650662 0
3.38000 -0.02458762687 -0.004021264796 0
3.38500 -0.02450949915 -0.003833779556 0
3.39000 -0.02442467077 -0.003645246199 0
3.39500 -0.02433316493 -0.003455716268 0
3.40000 -0.02423500665 -0.003265241578 0
3.40500 -0.02413022276 -0.003073874204 0
3.41000 -0.0240188419 -0.002881666464 0
3.41500 -0.02390089454 -0.002688670905 0
3.42000 -0.02377641291 -0.00249494029 0
3.42500 -0.02364543104 -0.002300527583 0
3.43000 -0.02350798475 -0.002105485935 0
3.43500 -0.02336411161 -0.001909868668 0
3.44000 -0.02321385096 -0.001713729262 0
3.44500 -0.02305724387 -0.00151712134 0
3.45000 -0.02289433317 -0.001320098652 0
3.45500 -0.02272516338 -0.001122715062 0
3.46000 -0.02254978075 -0.000925024533 0
3.46500 -0.02236823325 -0.0007270811115 0
3.47000 -0.02218057049 -0.0005289389132 0
3.47500 -0.02198684378 -0.0003306521084 0
3.48000 -0.02178710609 -0.0001322749066 0
3.48500 -0.02158141202 6.613845785e-05 0
3.49000 -0.02136981781 0.0002645337407 0
3.49500 -0.02115238131 0.0004628567027 0
3.50000 -0.02092916196 0.0006610531243 0
3.50500 -0.02070022078 0.0008590688205 0
3.51000 -0.02046562037 0.001056849656 0
3.51500 -0.02022542486 0.001254341559 0
3.52000 -0.01997969992 0.001451490538 0
3.52500 -0.01972851273 0.001648242694 0
3.53000 -0.01947193197 0.001844544237 0
3.53500 -0.01921002777 0.002040341499 0
3.54000 -0.01894287174 0.002235580953 0
3.54500 -0.01867053692 0.002430209221 0
3.55000 -0.01839309777 0.002624173094 0
3.55500 -0.01811063012 0.002817419545 0
3.56000 -0.01782321121 0.003009895741 0
3.56500 -0.01753091961 0.003201549062 0
3.57000 -0.01723383523 0.003392327111 0
3.57500 -0.01693203929 0.003582177732 0
3.58000 -0.0166256143 0.003771049021 0
3.58500 -0.01631464404 0.003958889343 0
3.59000 -0.01599921351 0.004145647345 0
3.59500 -0.01567940896 0.004331271967 0
3.60000 -0.01535531782 0.004515712463 0
3.60500 -0.01502702868 0.004698918409 0
3.61000 -0.01469463131 0.004880839717 0
3.61500 -0.01435821657 0.005061426652 0
3.62000 -0.01401787643 0.005240629844 0
3.62500 -0.01367370395 0.0054184003 0
3.63000 -0.01332579322 0.005594689419 0
3.63500 -0.01297423934 0.005769449006 0
3.64000 -0.01261913844 0.005942631283 0
3.64500 -0.0122605876 0.006114188905 0
3.65000 -0.01189868483 0.006284074968 0
3.65500 -0.01153352907 0.006452243028 0
3.66000 -0.01116522017 0.006618647109 0
3.66500 -0.01079385881 0.006783241717 0
3.67000 -0.01041954651 0.006945981856 0
3.67500 -0.01004238562 0.007106823032 0
3.68000 -0.009662479232 0.007265721274 0
3.68500 -0.009279931223 0.00742263314 0
3.69000 -0.008894846173 0.007577515732 0
3.69500 -0.008507329361 0.007730326707 0
3.70000 -0.00811748673 0.007881024289 0
3.70500 -0.007725424859 0.008029567276 0
3.71000 -0.007331250935 0.008175915061 0
3.71500 -0.006935072719 0.008320027631 0
3.72000 -0.006536998524 0.008461865589 0
3.72500 -0.006137137179 0.008601390158 0
3.73000 -0.005735598001 0.008738563192 0
3.73500 -0.005332490769 0.008873347191 0
3.74000 -0.004927925686 0.009005705305 0
3.74500 -0.004522013358 0.009135601349 0
3.75000 -0.004114864757 0.009262999811 0
3.75500 -0.003706591193 0.009387865861 0
3.76000 -0.003297304284 0.009510165363 0
3.76500 -0.002887115924 0.00962986488 0
3.77000 -0.002476138256 0.009746931688 0
3.77500 -0.002064483637 0.009861333783 0
3.78000 -0.001652264608 0.009973039887 0
3.78500 -0.001239593867 0.01008201946 0
3.79000 -0.0008265842329 0.01018824271 0
3.79500 -0.0004133486192 0.0102916806 0
3.80000 3.216245299e-17 0.01039230485 0
3.80500 0.0004133486192 0.01049008794 0
3.81000 0.0008265842329 0.01058500314 0
3.81500 0.001239593867 0.01067702452 0
3.82000 0.001652264608 0.0107661269 0
3.82500 0.002064483637 0.01085228593 0
3.83000 0.002476138256 0.01093547805 0
3.83500 0.002887115924 0.01101568052 0
3.84000 0.003297304284 0.01109287142 0
3.84500 0.003706591193 0.01116702963 0
3.85000 0.004114864757 0.01123813489 0
3.85500 0.004522013358 0.01130616776 0
3.86000 0.004927925686 0.01137110963 0
3.86500 0.005332490769 0.01143294276 0
3.87000 0.005735598001 0.01149165023 0
3.87500 0.006137137179 0.011547216 0
3.88000 0.006536998524 0.01159962488 0
3.88500 0.006935072719 0.01164886254 0
3.89000 0.007331250935 0.01169491551 0
3.89500 0.007725424859 0.01173777121 0
3.90000 0.00811748673 0.01177741792 0
3.90500 0.008507329361 0.0118138448 0
3.91000 0.008894846173 0.0118470419 0
3.91500 0.009279931223 0.01187700013 0
3.92000 0.009662479232 0.01190371131 0
3.92500 0.01004238562 0.01192716813 0
3.93000 0.01041954651 0.01194736418 0
3.93500 0.01079385881 0.01196429395 0
3.94000 0.01116522017 0.01197795279 0
3.94500 0.01153352907 0.01198833698 0
3.95000 0.01189868483 0.01199544368 0
3.95500 0.0122605876 0.01199927095 0
3.96000 0.01261913844 0.01199981774 0
3.96500 0.01297423934 0.01199708389 0
3.97000 0.01332579322 0.01199107016 0
3.97500 0.01367370395 0.0119817782 0
3.98000 0.01401787643 0.01196921053 0
3.98500 0.01435821657 0.0119533706 0
3.99000 0.01469463131 0.01193426274 0
3.99500 0.01502702868 0.01191189218 0
4.00000 0.01535531782 0.01188626502 0
4.00500 0.01567940896 0.01185738827 0
4.01000 0.01599921351 0.01182526983 0
4.01500 0.01631464404 0.01178991848 0
4.02000 0.0166256143 0.01175134389 0
4.02500 0.01693203929 0.01170955659 0
4.03000 0.01723383523 0.01166456802 0
4.03500 0.01753091961 0.01161639047 0
4.04000 0.01782321121 0.01156503712 0
4.04500 0.01811063012 0.011510522 0
4.05000 0.01839309777 0.01145286002 0
4.05500 0.01867053692 0.01139206695 0
4.06000 0.01894287174 0.01132815939 0
4.06500 0.01921002777 0.01126115483 0
4.07000 0.01947193197 0.01119107158 0
4.07500 0.01972851273 0.01111792881 0
4.08000 0.01997969992 0.0110417465 0
4.08500 0.02022542486 0.01096254549 0
4.09000 0.02046562037 0.01088034743 0
4.09500 0.02070022078 0.01079517479 0
4.10000 0.02092916196 0.01070705086 0
4.10500 0.02115238131 0.01061599973 0
4.11000 0.02136981781 0.01052204629 0
4.11500 0.02158141202 0.01042521623 0
4.12000 0.02178710609 0.01032553602 0
4.12500 0.02198684378 0.01022303291 0
4.13000 0.02218057049 0.01011773492 0
4.13500 0.02236823325 0.01000967085 0
4.14000 0.02254978075 0.009898870229 0
4.14500 0.02272516338 0.009785363359 0
4.15000 0.02289433317 0.009669181268 0
4.15500 0.02305724387 0.00955035572 0
4.16000 0.02321385096 0.009428919199 0
4.16500 0.02336411161 0.009304904907 0
4.17000 0.02350798475 0.009178346746 0
4.17500 0.02364543104 0.009049279317 0
4.18000 0.02377641291 0.008917737906 0
4.18500 0.02390089454 0.008783758474 0
4.19000 0.0240188419 0.00864737765 0
4.19500 0.02413022276 0.008508632719 0
4.20000 0.02423500665 0.008367561613 0
4.20500 0.02433316493 0.008224202899 0
4.21000 0.02442467077 0.008078595771 0
4.21500 0.02450949915 0.007930780035 0
4.22000 0.02458762687 0.007780796103 0
4.22500 0.02465903259 0.007628684979 0
4.23000 0.02472369677 0.007474488248 0
4.23500 0.02478160173 0.007318248067 0
4.24000 0.02483273166 0.00716000715 0
4.24500 0.02487707256 0.006999808759 0
4.25000 0.02491461233 0.00683769669 0
4.25500 0.02494534068 0.006673715263 0
4.26000 0.02496924923 0.006507909309 0
4.26500 0.02498633143 0.006340324157 0
4.27000 0.02499658262 0.006171005624 0
4.27500 0.025 0.006 0
4.28000 0.02499658262 0.005827354036 0
4.28500 0.02498633143 0.005653114931 0
4.29000 0.02496924923 0.005477330321 0
4.29500 0.02494534068 0.005300048264 0
4.30000 0.02491461233 0.005121317226 0
4.30500 0.02487707256 0.004941186071 0
4.31000 0.02483273166 0.004759704046 0
4.31500 0.02478160173 0.004576920765 0
4.32000 0.02472369677 0.004392886199 0
4.32500 0.02465903259 0.004207650662 0
4.33000 0.02458762687 0.004021264796 0
4.33500 0.02450949915 0.003833779556 0
4.34000 0.02442467077 0.003645246199 0
4.34500 0.02433316493 0.003455716268 0
4.35000 0.02423500665 0.003265241578 0
4.35500 0.02413022276 0.003073874204 0
4.36000 0.0240188419 0.002881666464 0
4.36500 0.02390089454 0.002688670905 0
4.37000 0.02377641291 0.00249494029 0
4.37500 0.02364543104 0.002300527583 0
4.38000 0.02350798475 0.002105485935 0
4.38500 0.02336411161 0.001909868668 0
4.39000 0.02321385096 0.001713729262 0
4.39500 0.02305724387 0.00151712134 0
4.40000 0.02289433317 0.001320098652 0
4.40500 0.02272516338 0.001122715062 0
4.41000 0.02254978075 0.000925024533 0
4.41500 0.02236823325 0.0007270811115 0
4.42000 0.02218057049 0.0005289389132 0
4.42500 0.02198684378 0.0003306521084 0
4.43000 0.02178710609 0.0001322749066 0
4.43500 0.02158141202 -6.613845785e-05 0
4.44000 0.02136981781 -0.0002645337407 0
4.44500 0.02115238131 -0.0004628567027 0
4.45000 0.02092916196 -0.0006610531243 0
4.45500 0.02070022078 -0.0008590688205 0
4.46000 0.02046562037 -0.001056849656 0
4.46500 0.02022542486 -0.001254341559 0
4.47000 0.01997969992 -0.001451490538 0
4.47500 0.01972851273 -0.001648242694 0
4.48000 0.01947193197 -0.001844544237 0
4.48500 0.01921002777 -0.002040341499 0
4.49000 0.01894287174 -0.002235580953 0
4.49500 0.01867053692 -0.002430209221 0
4.50000 0.01839309777 -0.002624173094 0
4.50500 0.01811063012 -0.002817419545 0
4.51000 0.01782321121 -0.003009895741 0
4.51500 0.01753091961 -0.003201549062 0
4.52000 0.01723383523 -0.003392327111 0
4.52500 0.01693203929 -0.003582177732 0
4.53000 0.0166256143 -0.003771049021 0
4.53500 0.01631464404 -0.003958889343 0
4.54000 0.01599921351 -0.004145647345 0
4.54500 0.01567940896 -0.004331271967 0
4.55000 0.01535531782 -0.004515712463 0
4.55500 0.01502702868 -0.004698918409 0
4.56000 0.01469463131 -0.004880839717 0
4.56500 0.01435821657 -0.005061426652 0
4.57000 0.01401787643 -0.005240629844 0
4.57500 0.01367370395 -0.0054184003 0
4.58000 0.01332579322 -0.005594689419 0
4.58500 0.01297423934 -0.005769449006 0
4.59000 0.01261913844 -0.005942631283 0
4.59500 0.0122605876 -0.006114188905 0
4.60000 0.01189868483 -0.006284074968 0
4.60500 0.01153352907 -0.006452243028 0
4.61000 0.01116522017 -0.006618647109 0
4.61500 0.01079385881 -0.006783241717 0
4.62000 0.01041954651 -0.006945981856 0
4.62500 0.01004238562 -0.007106823032 0
4.63000 0.009662479232 -0.007265721274 0
4.63500 0.009279931223 -0.00742263314 0
4.64000 0.008894846173 -0.007577515732 0
4.64500 0.008507329361 -0.007730326707 0
4.65000 0.00811748673 -0.007881024289 0
4.65500 0.007725424859 -0.008029567276 0
4.66000 0.007331250935 -0.008175915061 0
4.66500 0.006935072719 -0.008320027631 0
4.67000 0.006536998524 -0.008461865589 0
4.67500 0.006137137179 -0.008601390158 0
4.68000 0.005735598001 -0.008738563192 0
4.68500 0.005332490769 -0.008873347191 0
4.69000 0.004927925686 -0.009005705305 0
4.69500 0.004522013358 -0.009135601349 0
4.70000 0.004114864757 -0.009262999811 0
4.70500 0.003706591193 -0.009387865861 0
4.71000 0.003297304284 -0.009510165363 0
4.71500 0.002887115924 -0.00962986488 0
4.72000 0.002476138256 -0.009746931688 0
4.72500 0.002064483637 -0.009861333783 0
4.73000 0.001652264608 -0.009973039887 0
4.73500 0.001239593867 -0.01008201946 0
4.74000 0.0008265842329 -0.01018824271 0
4.74500 0.0004133486192 -0.0102916806 0
4.75000 1.530808499e-17 -0.01039230485 0
4.75500 -0.0004133486192 -0.01049008794 0
4.76000 -0.0008265842329 -0.01058500314 0
4.76500 -0.001239593867 -0.01067702452 0
4.77000 -0.001652264608 -0.0107661269 0
4.77500 -0.002064483637 -0.01085228593 0
4.78000 -0.002476138256 -0.01093547805 0
4.78500 -0.002887115924 -0.01101568052 0
4.79000 -0.003297304284 -0.01109287142 0
4.79500 -0.003706591193 -0.01116702963 0
4.80000 -0.004114864757 -0.01123813489 0
4.80500 -0.004522013358 -0.01130616776 0
4.81000 -0.004927925686 -0.01137110963 0
4.81500 -0.005332490769 -0.01143294276 0
4.82000 -0.005735598001 -0.01149165023 0
4.82500 -0.006137137179 -0.011547216 0
4.83000 -0.006536998524 -0.01159962488 0
4.83500 -0.006935072719 -0.01164886254 0
4.84000 -0.007331250935 -0.01169491551 0
4.84500 -0.007725424859 -0.01173777121 0
4.85000 -0.00811748673 -0.01177741792 0
4.85500 -0.008507329361 -0.0118138448 0
4.86000 -0.008894846173 -0.0118470419 0
4.86500 -0.009279931223 -0.01187700013 0
4.87000 -0.009662479232 -0.01190371131 0
4.87500 -0.01004238562 -0.01192716813 0
4.88000 -0.01041954651 -0.01194736418 0
4.88500 -0.01079385881 -0.01196429395 0
4.89000 -0.01116522017 -0.01197795279 0
4.89500 -0.01153352907 -0.01198833698 0
4.90000 -0.01189868483 -0.01199544368 0
4.90500 -0.0122605876 -0.01199927095 0
4.91000 -0.01261913844 -0.01199981774 0
4.91500 -0.01297423934 -0.01199708389 0
4.92000 -0.01332579322 -0.01199107016 0
4.92500 -0.01367370395 -0.0119817782 0
4.93000 -0.01401787643 -0.01196921053 0
4.93500 -0.01435821657 -0.0119533706 0
4.94000 -0.01469463131 -0.01193426274 0
4.94500 -0.01502702868 -0.01191189218 0
4.95000 -0.01535531782 -0.01188626502 0
4.95500 -0.01567940896 -0.01185738827 0
4.96000 -0.01599921351 -0.01182526983 0
4.96500 -0.01631464404 -0.01178991848 0
4.97000 -0.0166256143 -0.01175134389 0
4.97500 -0.01693203929 -0.01170955659 0
4.98000 -0.01723383523 -0.01166456802 0
4.98500 -0.01753091961 -0.01161639047 0
4.99000 -0.01782321121 -0.01156503712 0
4.99500 -0.01811063012 -0.011510522 0
5.00000 -0.01839309777 -0.01145286002 0
5.00500 -0.01867053692 -0.01139206695 0
5.01000 -0.01894287174 -0.01132815939 0
5.01500 -0.01921002777 -0.01126115483 0
5.02000 -0.01947193197 -0.01119107158 0
5.02500 -0.01972851273 -0.01111792881 0
5.03000 -0.01997969992 -0.0110417465 0
5.03500 -0.02022542486 -0.01096254549 0
5.04000 -0.02046562037 -0.01088034743 0
5.04500 -0.02070022078 -0.01079517479 0
5.05000 -0.02092916196 -0.01070705086 0
5.05500 -0.02115238131 -0.01061599973 0
5.06000 -0.02136981781 -0.01052204629 0
5.06500 -0.02158141202 -0.01042521623 0
5.07000 -0.02178710609 -0.01032553602 0
5.07500 -0.02198684378 -0.01022303291 0
5.08000 -0.02218057049 -0.01011773492 0
5.08500 -0.02236823325 -0.01000967085 0
5.09000 -0.02254978075 -0.009898870229 0
5.09500 -0.02272516338 -0.009785363359 0
5.10000 -0.02289433317 -0.009669181268 0
5.10500 -0.02305724387 -0.00955035572 0
5.11000 -0.02321385096 -0.009428919199 0
5.11500 -0.02336411161 -0.009304904907 0
5.12000 -0.02350798475 -0.009178346746 0
5.12500 -0.02364543104 -0.009049279317 0
5.13000 -0.02377641291 -0.008917737906 0
5.13500 -0.02390089454 -0.008783758474 0
5.14000 -0.0240188419 -0.00864737765 0
5.14500 -0.02413022276 -0.008508632719 0
5.15000 -0.02423500665 -0.008367561613 0
5.15500 -0.02433316493 -0.008224202899 0
5.16000 -0.02442467077 -0.008078595771 0
5.16500 -0.02450949915 -0.007930780035 0
5.17000 -0.02458762687 -0.007780796103 0
5.17500 -0.02465903259 -0.007628684979 0
5.18000 -0.02472369677 -0.007474488248 0
5.18500 -0.02478160173 -0.007318248067 0
5.19000 -0.02483273166 -0.00716000715 0
5.19500 -0.02487707256 -0.006999808759 0
5.20000 -0.02491461233 -0.00683769669 0
5.20500 -0.02494534068 -0.006673715263 0
5.21000 -0.02496924923 -0.006507909309 0
5.21500 -0.02498633143 -0.006340324157 0
5.22000 -0.02499658262 -0.006171005624 0
5.22500 -0.025 -0.006 0
5.23000 -0.02499658262 -0.005827354036 0
5.23500 -0.02498633143 -0.005653114931 0
5.24000 -0.02496924923 -0.005477330321 0
5.24500 -0.02494534068 -0.005300048264 0
5.25000 -0.02491461233 -0.005121317226 0
5.25500 -0.02487707256 -0.004941186071 0
5.26000 -0.02483273166 -0.004759704046 0
5.26500 -0.02478160173 -0.004576920765 0
5.27000 -0.02472369677 -0.004392886199 0
5.27500 -0.02465903259 -0.004207650662 0
5.28000 -0.02458762687 -0.004021264796 0
5.28500 -0.02450949915 -0.003833779556 0
5.29000 -0.02442467077 -0.003645246199 0
5.29500 -0.02433316493 -0.003455716268 0
5.30000 -0.02423500665 -0.003265241578 0
5.30500 -0.02413022276 -0.003073874204 0
5.31000 -0.0240188419 -0.002881666464 0
5.31500 -0.02390089454 -0.002688670905 0
5.32000 -0.02377641291 -0.00249494029 0
5.32500 -0.02364543104 -0.002300527583 0
5.33000 -0.02350798475 -0.002105485935 0
5.33500 -0.02336411161 -0.001909868668 0
5.34000 -0.02321385096 -0.001713729262 0
5.34500 -0.02305724387 -0.00151712134 0
5.35000 -0.02289433317 -0.001320098652 0
5.35500 -0.02272516338 -0.001122715062 0
5.36000 -0.02254978075 -0.000925024533 0
5.36500 -0.02236823325 -0.0007270811115 0
5.37000 -0.02218057049 -0.0005289389132 0
5.37500 -0.02198684378 -0.0003306521084 0
5.38000 -0.02178710609 -0.0001322749066 0
5.38500 -0.02158141202 6.613845785e-05 0
5.39000 -0.02136981781 0.0002645337407 0
5.39500 -0.02115238131 0.0004628567027 0
5.40000 -0.02092916196 0.0006610531243 0
5.40500 -0.02070022078 0.0008590688205 0
5.41000 -0.02046562037 0.001056849656 0
5.41500 -0.02022542486 0.001254341559 0
5.42000 -0.01997969992 0.001451490538 0
5.42500 -0.01972851273 0.001648242694 0
5.43000 -0.01947193197 0.001844544237 0
5.43500 -0.01921002777 0.002040341499 0
5.44000 -0.01894287174 0.002235580953 0
5.44500 -0.01867053692 0.002430209221 0
5.45000 -0.01839309777 0.002624173094 0
5.45500 -0.01811063012 0.002817419545 0
5.46000 -0.01782321121 0.003009895741 0
5.46500 -0.01753091961 0.003201549062 0
5.47000 -0.01723383523 0.003392327111 0
5.47500 -0.01693203929 0.003582177732 0
5.48000 -0.0166256143 0.003771049021 0
5.48500 -0.01631464404 0.003958889343 0
5.49000 -0.01599921351 0.004145647345 0
5.49500 -0.01567940896 0.004331271967 0
5.50000 -0.01535531782 0.004515712463 0
5.50500 -0.01502702868 0.004698918409 0
5.51000 -0.01469463131 0.004880839717 0
5.51500 -0.01435821657 0.005061426652 0
5.52000 -0.01401787643 0.005240629844 0
5.52500 -0.01367370395 0.0054184003 0
5.53000 -0.01332579322 0.005594689419 0
5.53500 -0.01297423934 0.005769449006 0
5.54000 -0.01261913844 0.005942631283 0
5.54500 -0.0122605876 0.006114188905 0
5.55000 -0.01189868483 0.006284074968 0
5.55500 -0.01153352907 0.006452243028 0
5.56000 -0.01116522017 0.006618647109 0
5.56500 -0.01079385881 0.006783241717 0
5.57000 -0.01041954651 0.006945981856 0
5.57500 -0.01004238562 0.007106823032 0
5.58000 -0.009662479232 0.007265721274 0
5.58500 -0.009279931223 0.00742263314 0
5.59000 -0.008894846173 0.007577515732 0
5.59500 -0.008507329361 0.007730326707 0
5.60000 -0.00811748673 0.007881024289 0
5.60500 -0.007725424859 0.008029567276 0
5.61000 -0.007331250935 0.008175915061 0
5.61500 -0.006935072719 0.008320027631 0
5.62000 -0.006536998524 0.008461865589 0
5.62500 -0.006137137179 0.008601390158 0
5.63000 -0.005735598001 0.008738563192 0
5.63500 -0.005332490769 0.008873347191 0
5.64000 -0.004927925686 0.009005705305 0
5.64500 -0.004522013358 0.009135601349 0
5.65000 -0.004114864757 0.009262999811 0
5.65500 -0.003706591193 0.009387865861 0
5.66000 -0.003297304284 0.009510165363 0
5.66500 -0.002887115924 0.00962986488 0
5.67000 -0.002476138256 0.009746931688 0
5.67500 -0.002064483637 0.009861333783 0
5.68000 -0.001652264608 0.009973039887 0
5.68500 -0.001239593867 0.01008201946 0
5.69000 -0.0008265842329 0.01018824271 0
5.69500 -0.0004133486192 0.0102916806 0
5.70000 -1.836970199e-17 0.01039230485 0
5.70500 0.0004133486192 0.01049008794 0
5.71000 0.0008265842329 0.01058500314 0
5.71500 0.001239593867 0.01067702452 0
5.72000 0.001652264608 0.0107661269 0
5.72500 0.002064483637 0.01085228593 0
5.73000 0.002476138256 0.01093547805 0
5.73500 0.002887115924 0.01101568052 0
5.74000 0.003297304284 0.01109287142 0
5.74500 0.003706591193 0.01116702963 0
5.75000 0.004114864757 0.01123813489 0
5.75500 0.004522013358 0.01130616776 0
5.76000 0.004927925686 0.01137110963 0
5.76500 0.005332490769 0.01143294276 0
5.77000 0.005735598001 0.01149165023 0
5.77500 0.006137137179 0.011547216 0
5.78000 0.006536998524 0.01159962488 0
5.78500 0.006935072719 0.01164886254 0
5.79000 0.007331250935 0.01169491551 0
5.79500 0.007725424859 0.01173777121 0
5.80000 0.00811748673 0.01177741792 0
5.80500 0.008507329361 0.0118138448 0
5.81000 0.008894846173 0.0118470419 0
5.81500 0.009279931223 0.01187700013 0
5.82000 0.009662479232 0.01190371131 0
5.82500 0.01004238562 0.01192716813 0
5.83000 0.01041954651 0.01194736418 0
5.83500 0.01079385881 0.01196429395 0
5.84000 0.01116522017 0.01197795279 0
5.84500 0.01153352907 0.01198833698 0
5.85000 0.01189868483 0.01199544368 0
5.85500 0.0122605876 0.01199927095 0
5.86000 0.01261913844 0.01199981774 0
5.86500 0.01297423934 0.01199708389 0
5.87000 0.01332579322 0.01199107016 0
5.87500 0.01367370395 0.0119817782 0
5.88000 0.01401787643 0.01196921053 0
5.88500 0.01435821657 0.0119533706 0
5.89000 0.01469463131 0.01193426274 0
5.89500 0.01502702868 0.01191189218 0
5.90000 0.01535531782 0.01188626502 0
5.90500 0.01567940896 0.01185738827 0
5.91000 0.01599921351 0.01182526983 0
5.91500 0.01631464404 0.01178991848 0
5.92000 0.0166256143 0.01175134389 0
5.92500 0.01693203929 0.01170955659 0
5.93000 0.01723383523 0.01166456802 0
5.93500 0.01753091961 0.01161639047 0
5.94000 0.01782321121 0.01156503712 0
5.94500 0.01811063012 0.011510522 0
5.95000 0.01839309777 0.01145286002 0
5.95500 0.01867053692 0.01139206695 0
5.96000 0.01894287174 0.01132815939 0
5.96500 0.01921002777 0.01126115483 0
5.97000 0.01947193197 0.01119107158 0
5.97500 0.01972851273 0.01111792881 0
5.98000 0.01997969992 0.0110417465 0
5.98500 0.02022542486 0.01096254549 0
5.99000 0.02046562037 0.01088034743 0
5.99500 0.02070022078 0.01079517479 0
6.00000 0.02092916196 0.01070705086 0
6.00500 0.02115238131 0.01061599973 0
6.01000 0.02136981781 0.01052204629 0
6.01500 0.02158141202 0.01042521623 0
6.02000 0.02178710609 0.01032553602 0
6.02500 0.02198684378 0.01022303291 0
6.03000 0.02218057049 0.01011773492 0
6.03500 0.02236823325 0.01000967085 0
6.04000 0.02254978075 0.009898870229 0
6.04500 0.02272516338 0.009785363359 0
6.05000 0.02289433317 0.009669181268 0
6.05500 0.02305724387 0.00955035572 0
6.06000 0.02321385096 0.009428919199 0
6.06500 0.02336411161 0.009304904907 0
6.07000 0.02350798475 0.009178346746 0
6.07500 0.02364543104 0.009049279317 0
6.08000 0.02377641291 0.008917737906 0
6.08500 0.02390089454 0.008783758474 0
6.09000 0.0240188419 0.00864737765 0
6.09500 0.02413022276 0.008508632719 0
6.10000 0.02423500665 0.008367561613 0
6.10500 0.02433316493 0.008224202899 0
6.11000 0.02442467077 0.008078595771 0
6.11500 0.02450949915 0.007930780035 0
6.12000 0.02458762687 0.007780796103 0
6.12500 0.02465903259 0.007628684979 0
6.13000 0.02472369677 0.007474488248 0
6.13500 0.02478160173 0.007318248067 0
6.14000 0.02483273166 0.00716000715 0
6.14500 0.02487707256 0.006999808759 0
6.15000 0.02491461233 0.00683769669 0
6.15500 0.02494534068 0.006673715263 0
6.16000 0.02496924923 0.006507909309 0
6.16500 0.02498633143 0.006340324157 0
6.17000 0.02499658262 0.006171005624 0
6.17500 0.025 0.006 0
6.18000 0.02499658262 0.005827354036 0
6.18500 0.02498633143 0.005653114931 0
6.19000 0.02496924923 0.005477330321 0
6.19500 0.02494534068 0.005300048264 0
6.20000 0.02491461233 0.005121317226 0
6.20500 0.02487707256 0.004941186071 0
6.21000 0.02483273166 0.004759704046 0
6.21500 0.02478160173 0.004576920765 0
6.22000 0.02472369677 0.004392886199 0
6.22500 0.02465903259 0.004207650662 0
6.23000 0.02458762687 0.004021264796 0
6.23500 0.02450949915 0.003833779556 0
6.24000 0.02442467077 0.003645246199 0
6.24500 0.02433316493 0.003455716268 0
6.25000 0.02423500665 0.003265241578 0
6.25500 0.02413022276 0.003073874204 0
6.26000 0.0240188419 0.002881666464 0
6.26500 0.02390089454 0.002688670905 0
6.27000 0.02377641291 0.00249494029 0
6.27500 0.02364543104 0.002300527583 0
6.28000 0.02350798475 0.002105485935 0
6.28500 0.02336411161 0.001909868668 0
6.29000 0.02321385096 0.001713729262 0
6.29500 0.02305724387 0.00151712134 0
6.30000 0.02289433317 0.001320098652 0
6.30500 0.02272516338 0.001122715062 0
6.31000 0.02254978075 0.000925024533 0
6.31500 0.02236823325 0.0007270811115 0
6.32000 0.02218057049 0.0005289389132 0
6.32500 0.02198684378 0.0003306521084 0
6.33000 0.02178710609 0.0001322749066 0
6.33500 0.02158141202 -6.613845785e-05 0
6.34000 0.02136981781 -0.0002645337407 0
6.34500 0.02115238131 -0.0004628567027 0
6.35000 0.02092916196 -0.0006610531243 0
6.35500 0.02070022078 -0.0008590688205 0
6.36000 0.02046562037 -0.001056849656 0
6.36500 0.02022542486 -0.001254341559 0
6.37000 0.01997969992 -0.001451490538 0
6.37500 0.01972851273 -0.001648242694 0
6.38000 0.01947193197 -0.001844544237 0
6.38500 0.01921002777 -0.002040341499 0
6.39000 0.01894287174 -0.002235580953 0
6.39500 0.01867053692 -0.002430209221 0
6.40000 0.01839309777 -0.002624173094 0
6.40500 0.01811063012 -0.002817419545 0
6.41000 0.01782321121 -0.003009895741 0
6.41500 0.01753091961 -0.003201549062 0
6.42000 0.01723383523 -0.003392327111 0
6.42500 0.01693203929 -0.003582177732 0
6.43000 0.0166256143 -0.003771049021 0
6.43500 0.01631464404 -0.003958889343 0
6.44000 0.01599921351 -0.004145647345 0
6.44500 0.01567940896 -0.004331271967 0
6.45000 0.01535531782 -0.004515712463 0
6.45500 0.01502702868 -0.004698918409 0
6.46000 0.01469463131 -0.004880839717 0
6.46500 0.01435821657 -0.005061426652 0
6.47000 0.01401787643 -0.005240629844 0
6.47500 0.01367370395 -0.0054184003 0
6.48000 0.01332579322 -0.005594689419 0
6.48500 0.01297423934 -0.005769449006 0
6.49000 0.01261913844 -0.005942631283 0
6.49500 0.0122605876 -0.006114188905 0
6.50000 0.01189868483 -0.006284074968 0
6.50500 0.01153352907 -0.006452243028 0
6.51000 0.01116522017 -0.006618647109 0
6.51500 0.01079385881 -0.006783241717 0
6.52000 0.01041954651 -0.006945981856 0
6.52500 0.01004238562 -0.007106823032 0
6.53000 0.009662479232 -0.007265721274 0
6.53500 0.009279931223 -0.00742263314 0
6.54000 0.008894846173 -0.007577515732 0
6.54500 0.008507329361 -0.007730326707 0
6.55000 0.00811748673 -0.007881024289 0
6.55500 0.007725424859 -0.008029567276 0
6.56000 0.007331250935 -0.008175915061 0
6.56500 0.006935072719 -0.008320027631 0
6.57000 0.006536998524 -0.008461865589 0
6.57500 0.006137137179 -0.008601390158 0
6.58000 0.005735598001 -0.008738563192 0
6.58500 0.005332490769 -0.008873347191 0
6.59000 0.004927925686 -0.009005705305 0
6.59500 0.004522013358 -0.009135601349 0
6.60000 0.004114864757 -0.009262999811 0
6.60500 0.003706591193 -0.009387865861 0
6.61000 0.003297304284 -0.009510165363 0
6.61500 0.002887115924 -0.00962986488 0
6.62000 0.002476138256 -0.009746931688 0
6.62500 0.002064483637 -0.009861333783 0
6.63000 0.001652264608 -0.009973039887 0
6.63500 0.001239593867 -0.01008201946 0
6.64000 0.0008265842329 -0.01018824271 0
6.64500 0.0004133486192 -0.0102916806 0
6.65000 2.143131899e-17 -0.01039230485 0
6.65500 -0.0004133486192 -0.01049008794 0
6.66000 -0.0008265842329 -0.01058500314 0
6.66500 -0.001239593867 -0.01067702452 0
6.67000 -0.001652264608 -0.0107661269 0
6.67500 -0.002064483637 -0.01085228593 0
6.68000 -0.002476138256 -0.01093547805 0
6.68500 -0.002887115924 -0.01101568052 0
6.69000 -0.003297304284 -0.01109287142 0
6.69500 -0.003706591193 -0.01116702963 0
6.70000 -0.004114864757 -0.01123813489 0
6.70500 -0.004522013358 -0.01130616776 0
6.71000 -0.004927925686 -0.01137110963 0
6.71500 -0.005332490769 -0.01143294276 0
6.72000 -0.005735598001 -0.01149165023 0
6.72500 -0.006137137179 -0.011547216 0
6.73000 -0.006536998524 -0.01159962488 0
6.73500 -0.006935072719 -0.01164886254 0
6.74000 -0.007331250935 -0.01169491551 0
6.74500 -0.007725424859 -0.01173777121 0
6.75000 -0.00811748673 -0.01177741792 0
6.75500 -0.008507329361 -0.0118138448 0
6.76000 -0.008894846173 -0.0118470419 0
6.76500 -0.009279931223 -0.01187700013 0
6.77000 -0.009662479232 -0.01190371131 0
6.77500 -0.01004238562 -0.01192716813 0
6.78000 -0.01041954651 -0.01194736418 0
6.78500 -0.01079385881 -0.01196429395 0
6.79000 -0.01116522017 -0.01197795279 0
6.79500 -0.01153352907 -0.01198833698 0
6.80000 -0.01189868483 -0.01199544368 0
6.80500 -0.0122605876 -0.01199927095 0
6.81000 -0.01261913844 -0.01199981774 0
6.81500 -0.01297423934 -0.01199708389 0
6.82000 -0.01332579322 -0.01199107016 0
6.82500 -0.01367370395 -0.0119817782 0
6.83000 -0.01401787643 -0.01196921053 0
6.83500 -0.01435821657 -0.0119533706 0
6.84000 -0.01469463131 -0.01193426274 0
6.84500 -0.01502702868 -0.01191189218 0
6.85000 -0.01535531782 -0.01188626502 0
6.85500 -0.01567940896 -0.01185738827 0
6.86000 -0.01599921351 -0.01182526983 0
6.86500 -0.01631464404 -0.01178991848 0
6.87000 -0.0166256143 -0.01175134389 0
6.87500 -0.01693203929 -0.01170955659 0
6.88000 -0.01723383523 -0.01166456802 0
6.88500 -0.01753091961 -0.01161639047 0
6.89000 -0.01782321121 -0.01156503712 0
6.89500 -0.01811063012 -0.011510522 0
6.90000 -0.01839309777 -0.01145286002 0
6.90500 -0.01867053692 -0.01139206695 0
6.91000 -0.01894287174 -0.01132815939 0
6.91500 -0.01921002777 -0.01126115483 0
6.92000 -0.01947193197 -0.01119107158 0
6.92500 -0.01972851273 -0.01111792881 0
6.93000 -0.01997969992 -0.0110417465 0
6.93500 -0.02022542486 -0.01096254549 0
6.94000 -0.02046562037 -0.01088034743 0
6.94500 -0.02070022078 -0.01079517479 0
6.95000 -0.02092916196 -0.01070705086 0
6.95500 -0.02115238131 -0.01061599973 0
6.96000 -0.02136981781 -0.01052204629 0
6.96500 -0.02158141202 -0.01042521623 0
6.97000 -0.02178710609 -0.01032553602 0
6.97500 -0.02198684378 -0.01022303291 0
6.98000 -0.02218057049 -0.01011773492 0
6.98500 -0.02236823325 -0.01000967085 0
6.99000 -0.02254978075 -0.009898870229 0
6.99500 -0.02272516338 -0.009785363359 0
7.00000 -0.02289433317 -0.009669181268 0
7.00500 -0.02305724387 -0.00955035572 0
7.01000 -0.02321385096 -0.009428919199 0
7.01500 -0.02336411161 -0.009304904907 0
7.02000 -0.02350798475 -0.009178346746 0
7.02500 -0.02364543104 -0.009049279317 0
7.03000 -0.02377641291 -0.008917737906 0
7.03500 -0.02390089454 -0.008783758474 0
7.04000 -0.0240188419 -0.00864737765 0
7.04500 -0.02413022276 -0.008508632719 0
7.05000 -0.02423500665 -0.008367561613 0
7.05500 -0.02433316493 -0.008224202899 0
7.06000 -0.02442467077 -0.008078595771 0
7.06500 -0.02450949915 -0.007930780035 0
7.07000 -0.02458762687 -0.007780796103 0
7.07500 -0.02465903259 -0.007628684979 0
7.08000 -0.02472369677 -0.007474488248 0
7.08500 -0.02478160173 -0.007318248067 0
7.09000 -0.02483273166 -0.00716000715 0
7.09500 -0.02487707256 -0.006999808759 0
7.10000 -0.02491461233 -0.00683769669 0
7.10500 -0.02494534068 -0.006673715263 0
7.11000 -0.02496924923 -0.006507909309 0
7.11500 -0.02498633143 -0.006340324157 0
7.12000 -0.02499658262 -0.006171005624 0
7.12500 -0.025 -0.006 0
7.13000 -0.02499658262 -0.005827354036 0
7.13500 -0.02498633143 -0.005653114931 0
7.14000 -0.02496924923 -0.005477330321 0
7.14500 -0.02494534068 -0.005300048264 0
7.15000 -0.02491461233 -0.005121317226 0
7.15500 -0.02487707256 -0.004941186071 0
7.16000 -0.02483273166 -0.004759704046 0
7.16500 -0.02478160173 -0.004576920765 0
7.17000 -0.02472369677 -0.004392886199 0
7.17500 -0.02465903259 -0.004207650662 0
7.18000 -0.02458762687 -0.004021264796 0
7.18500 -0.02450949915 -0.003833779556 0
7.19000 -0.02442467077 -0.003645246199 0
7.19500 -0.02433316493 -0.003455716268 0
7.20000 -0.02423500665 -0.003265241578 0
7.20500 -0.02413022276 -0.003073874204 0
7.21000 -0.0240188419 -0.002881666464 0
7.21500 -0.02390089454 -0.002688670905 0
7.22000 -0.02377641291 -0.00249494029 0
7.22500 -0.02364543104 -0.002300527583 0
7.23000 -0.02350798475 -0.002105485935 0
7.23500 -0.02336411161 -0.001909868668 0
7.24000 -0.02321385096 -0.001713729262 0
7.24500 -0.02305724387 -0.00151712134 0
7.25000 -0.02289433317 -0.001320098652 0
7.25500 -0.02272516338 -0.001122715062 0
7.26000 -0.02254978075 -0.000925024533 0
7.26500 -0.02236823325 -0.0007270811115 0
7.27000 -0.02218057049 -0.0005289389132 0
7.27500 -0.02198684378 -0.0003306521084 0
7.28000 -0.02178710609 -0.0001322749066 0
7.28500 -0.02158141202 6.613845785e-05 0
7.29000 -0.02136981781 0.0002645337407 0
7.29500 -0.02115238131 0.0004628567027 0
7.30000 -0.02092916196 0.0006610531243 0
7.30500 -0.02070022078 0.0008590688205 0
7.31000 -0.02046562037 0.001056849656 0
7.31500 -0.02022542486 0.001254341559 0
7.32000 -0.01997969992 0.001451490538 0
7.32500 -0.01972851273 0.001648242694 0
7.33000 -0.01947193197 0.001844544237 0
7.33500 -0.01921002777 0.002040341499 0
7.34000 -0.01894287174 0.002235580953 0
7.34500 -0.01867053692 0.002430209221 0
7.35000 -0.01839309777 0.002624173094 0
7.35500 -0.01811063012 0.002817419545 0
7.36000 -0.01782321121 0.003009895741 0
7.36500 -0.01753091961 0.003201549062 0
7.37000 -0.01723383523 0.003392327111 0
7.37500 -0.01693203929 0.003582177732 0
7.38000 -0.0166256143 0.003771049021 0
7.38500 -0.01631464404 0.003958889343 0
7.39000 -0.01599921351 0.004145647345 0
7.39500 -0.01567940896 0.004331271967 0
7.40000 -0.01535531782 0.004515712463 0
7.40500 -0.01502702868 0.004698918409 0
7.41000 -0.01469463131 0.004880839717 0
7.41500 -0.01435821657 0.005061426652 0
7.42000 -0.01401787643 0.005240629844 0
7.42500 -0.01367370395 0.0054184003 0
7.43000 -0.01332579322 0.005594689419 0
7.43500 -0.01297423934 0.005769449006 0
7.44000 -0.01261913844 0.005942631283 0
7.44500 -0.0122605876 0.006114188905 0
7.45000 -0.01189868483 0.006284074968 0
7.45500 -0.01153352907 0.006452243028 0
7.46000 -0.01116522017 0.006618647109 0
7.46500 -0.01079385881 0.006783241717 0
7.47000 -0.01041954651 0.006945981856 0
7.47500 -0.01004238562 0.007106823032 0
7.48000 -0.009662479232 0.007265721274 0
7.48500 -0.009279931223 0.00742263314 0
7.49000 -0.008894846173 0.007577515732 0
7.49500 -0.008507329361 0.007730326707 0
7.50000 -0.00811748673 0.007881024289 0
7.50500 -0.007725424859 0.008029567276 0
7.51000 -0.007331250935 0.008175915061 0
7.51500 -0.006935072719 0.008320027631 0
7.52000 -0.006536998524 0.008461865589 0
7.52500 -0.006137137179 0.008601390158 0
7.53000 -0.005735598001 0.008738563192 0
7.53500 -0.005332490769 0.008873347191 0
7.54000 -0.004927925686 0.009005705305 0
7.54500 -0.004522013358 0.009135601349 0
7.55000 -0.004114864757 0.009262999811 0
7.55500 -0.003706591193 0.009387865861 0
7.56000 -0.003297304284 0.009510165363 0
7.56500 -0.002887115924 0.00962986488 0
7.57000 -0.002476138256 0.009746931688 0
7.57500 -0.002064483637 0.009861333783 0
7.58000 -0.001652264608 0.009973039887 0
7.58500 -0.001239593867 0.01008201946 0
7.59000 -0.0008265842329 0.01018824271 0
7.59500 -0.0004133486192 0.0102916806 0
7.60000 6.432490599e-17 0.01039230485 0
7.60500 0.0004133486192 0.01049008794 0
7.61000 0.0008265842329 0.01058500314 0
7.61500 0.001239593867 0.01067702452 0
7.62000 0.001652264608 0.0107661269 0
7.62500 0.002064483637 0.01085228593 0
7.63000 0.002476138256 0.01093547805 0
7.63500 0.002887115924 0.01101568052 0
7.64000 0.003297304284 0.01109287142 0
7.64500 0.003706591193 0.01116702963 0
7.65000 0.004114864757 0.01123813489 0
7.65500 0.004522013358 0.01130616776 0
7.66000 0.004927925686 0.01137110963 0
7.66500 0.005332490769 0.01143294276 0
7.67000 0.005735598001 0.01149165023 0
7.67500 0.006137137179 0.011547216 0
7.68000 0.006536998524 0.01159962488 0
7.68500 0.006935072719 0.01164886254 0
7.69000 0.007331250935 0.01169491551 0
7.69500 0.007725424859 0.01173777121 0
7.70000 0.00811748673 0.01177741792 0
7.70500 0.008507329361 0.0118138448 0
7.71000 0.008894846173 0.0118470419 0
7.71500 0.009279931223 0.01187700013 0
7.72000 0.009662479232 0.01190371131 0
7.72500 0.01004238562 0.01192716813 0
7.73000 0.01041954651 0.01194736418 0
7.73500 0.01079385881 0.01196429395 0
7.74000 0.01116522017 0.01197795279 0
7.74500 0.01153352907 0.01198833698 0
7.75000 0.01189868483 0.01199544368 0
7.75500 0.0122605876 0.01199927095 0
7.76000 0.01261913844 0.01199981774 0
7.76500 0.01297423934 0.01199708389 0
7.77000 0.01332579322 0.01199107016 0
7.77500 0.01367370395 0.0119817782 0
7.78000 0.01401787643 0.01196921053 0
7.78500 0.01435821657 0.0119533706 0
7.79000 0.01469463131 0.01193426274 0
7.79500 0.01502702868 0.01191189218 0
7.80000 0.01535531782 0.01188626502 0
7.80500 0.01567940896 0.01185738827 0
7.81000 0.01599921351 0.01182526983 0
7.81500 0.01631464404 0.01178991848 0
7.82000 0.0166256143 0.01175134389 0
7.82500 0.01693203929 0.01170955659 0
7.83000 0.01723383523 0.01166456802 0
7.83500 0.01753091961 0.01161639047 0
7.84000 0.01782321121 0.01156503712 0
7.84500 0.01811063012 0.011510522 0
7.85000 0.01839309777 0.01145286002 0
7.85500 0.01867053692 0.01139206695 0
7.86000 0.01894287174 0.01132815939 0
7.86500 0.01921002777 0.01126115483 0
7.87000 0.01947193197 0.01119107158 0
7.87500 0.01972851273 0.01111792881 0
7.88000 0.01997969992 0.0110417465 0
7.88500 0.02022542486 0.01096254549 0
7.89000 0.02046562037 0.01088034743 0
7.89500 0.02070022078 0.01079517479 0
7.90000 0.02092916196 0.01070705086 0
7.90500 0.02115238131 0.01061599973 0
7.91000 0.02136981781 0.01052204629 0
7.91500 0.02158141202 0.01042521623 0
7.92000 0.02178710609 0.01032553602 0
7.92500 0.02198684378 0.01022303291 0
7.93000 0.02218057049 0.01011773492 0
7.93500 0.02236823325 0.01000967085 0
7.94000 0.02254978075 0.009898870229 0
7.94500 0.02272516338 0.009785363359 0
7.95000 0.02289433317 0.009669181268 0
7.95500 0.02305724387 0.00955035572 0
7.96000 0.02321385096 0.009428919199 0
7.96500 0.02336411161 0.009304904907 0
7.97000 0.02350798475 0.009178346746 0
7.97500 0.02364543104 0.009049279317 0
7.98000 0.02377641291 0.008917737906 0
7.98500 0.02390089454 0.008783758474 0
7.99000 0.0240188419 0.00864737765 0
7.99500 0.02413022276 0.008508632719 0
8.00000 0.02423500665 0.008367561613 0
8.00500 0.02432716146 0.008222173826 0
8.01000 0.02440057252 0.008070625139 0
8.01500 0.02445511213 0.007913181493 0
8.02000 0.02449068648 0.007750119152 0
8.02500 0.02450723578 0.007581724093 0
8.03000 0.02450473444 0.00740829138 0
8.03500 0.02448319113 0.007230124512 0
8.04000 0.02444264869 0.007047534755 0
8.04500 0.02438318413 0.006860840456 0
8.05000 0.02430490836 0.006670366342 0
8.05500 0.024207966 0.006476442806 0
8.06000 0.02409253502 0.006279405178 0
8.06500 0.02395882634 0.00607959299 0
8.07000 0.0238070834 0.005877349227 0
8.07500 0.02363758155 0.005673019573 0
8.08000 0.02345062748 0.005466951652 0
8.08500 0.0232465585 0.005259494268 0
8.09000 0.02302574182 0.005050996634 0
8.09500 0.02278857369 0.004841807613 0
8.10000 0.02253547855 0.004632274948 0
8.10500 0.02226690807 0.004422744506 0
8.11000 0.02198334013 0.004213559522 0
8.11500 0.02168527776 0.004005059848 0
8.12000 0.02137324803 0.003797581211 0
8.12500 0.02104780087 0.003591454489 0
8.13000 0.02070950784 0.003387004987 0
8.13500 0.02035896087 0.003184551733 0
8.14000 0.01999677093 0.002984406787 0
8.14500 0.01962356668 0.002786874572 0
8.15000 0.01923999307 0.002592251211 0
8.15500 0.01884670994 0.0024008239 0
8.16000 0.01844439049 0.002212870285 0
8.16500 0.01803371987 0.002028657874 0
8.17000 0.01761539359 0.001848443471 0
8.17500 0.01719011605 0.001672472625 0
8.18000 0.01675859892 0.001500979122 0
8.18500 0.01632155963 0.001334184491 0
8.19000 0.01587971973 0.00117229754 0
8.19500 0.01543380336 0.001015513934 0
8.20000 0.01498453559 0.0008640157848 0
8.20500 0.01453264092 0.0007179712895 0
8.21000 0.01407884159 0.0005775343898 0
8.21500 0.01362385608 0.0004428444709 0
8.22000 0.01316839747 0.0003140260911 0
8.22500 0.01271317196 0.0001911887471 0
8.23000 0.01225887727 7.442667418e-05 0
8.23500 0.01180620115 -3.618131828e-05 0
8.24000 0.01135581989 -0.0001405719759 0
8.24500 0.01090839683 -0.0002386976915 0
8.25000 0.01046458098 -0.0003305265621 0
8.25500 0.01002500557 -0.0004160424084 0
8.26000 0.009590286716 -0.0004952447585 0
8.26500 0.00916102212 -0.0005681487954 0
8.27000 0.008737789763 -0.0006347852677 0
8.27500 0.0083211467 -0.0006952003649 0
8.28000 0.00791162788 -0.0007494555563 0
8.28500 0.007509745023 -0.0007976273955 0
8.29000 0.007115985554 -0.000839807289 0
8.29500 0.006730811589 -0.0008761012313 0
8.30000 0.006354658989 -0.0009066295061 0
8.30500 0.005987936469 -0.0009315263539 0
8.31000 0.005631024777 -0.0009509396089 0
8.31500 0.005284275932 -0.0009650303026 0
8.32000 0.004948012537 -0.0009739722385 0
8.32500 0.004622527156 -0.0009779515367 0
8.33000 0.004308081764 -0.00097716615 0
8.33500 0.00400490727 -0.0009718253536 0
8.34000 0.003713203107 -0.0009621492074 0
8.34500 0.003433136905 -0.0009483679947 0
8.35000 0.00316484423 -0.0009307216369 0
8.35500 0.002908428404 -0.0009094590858 0
8.36000 0.002663960396 -0.0008848376956 0
8.36500 0.002431478793 -0.0008571225758 0
8.37000 0.002210989845 -0.0008265859255 0
8.37500 0.002002467582 -0.0007935063523 0
8.38000 0.001805854013 -0.0007581681762 0
8.38500 0.001621059396 -0.0007208607205 0
8.39000 0.00144796258 -0.0006818775913 0
8.39500 0.001286411426 -0.0006415159475 0
8.40000 0.001136223296 -0.0006000757625 0
8.40500 0.0009971856121 -0.0005578590795 0
8.41000 0.0008690564931 -0.0005151692629 0
8.41500 0.0007515654492 -0.000472310246 0
8.42000 0.0006444141503 -0.000429585778 0
8.42500 0.0005472772569 -0.0003872986721 0
8.43000 0.0004598033145 -0.0003457500548 0
8.43500 0.0003816157085 -0.0003052386205 0
8.44000 0.0003123136779 -0.0002660598915 0
8.44500 0.000251473385 -0.0002285054853 0
8.45000 0.0001986490397 -0.0001928623919 0
8.45500 0.0001533740739 -0.0001594122611 0
8.46000 0.0001151623647 -0.000128430703 0
8.46500 8.350950363e-05 -0.0001001866031 0
8.47000 5.789410792e-05 -7.494145178e-05 0
8.47500 3.777917133e-05 -5.294869302e-05 0
8.48000 2.261345169e-05 -3.445309043e-05 0
8.48500 1.183289139e-05 -1.969011446e-05 0
8.49000 4.862067832e-06 -8.885351131e-06 0
8.49500 1.115670309e-06 -2.253933894e-06 0
8.50000 0 -0 0
8.50500 0 -0 0
8.51000 0 -0 0
8.51500 0 -0 0
8.52000 0 -0 0
8.52500 0 -0 0
8.53000 0 -0 0
8.53500 0 -0 0
8.54000 0 -0 0
8.54500 0 -0 0
8.55000 -0 -0 0
8.55500 -0 -0 0
8.56000 -0 -0 0
8.56500 -0 -0 0
8.57000 -0 -0 0
8.57500 -0 -0 0
8.58000 -0 -0 0
8.58500 -0 -0 0
8.59000 -0 -0 0
8.59500 -0 -0 0
8.60000 -0 -0 0
8.60500 -0 -0 0
8.61000 -0 -0 0
8.61500 -0 -0 0
8.62000 -0 -0 0
8.62500 -0 -0 0
8.63000 -0 -0 0
8.63500 -0 -0 0
8.64000 -0 -0 0
8.64500 -0 -0 0
8.65000 -0 -0 0
8.65500 -0 -0 0
8.66000 -0 -0 0
8.66500 -0 -0 0
8.67000 -0 -0 0
8.67500 -0 -0 0
8.68000 -0 -0 0
8.68500 -0 -0 0
8.69000 -0 -0 0
8.69500 -0 -0 0
8.70000 -0 -0 0
8.70500 -0 -0 0
8.71000 -0 -0 0
8.71500 -0 -0 0
8.72000 -0 -0 0
8.72500 -0 -0 0
8.73000 -0 -0 0
8.73500 -0 -0 0
8.74000 -0 -0 0
8.74500 -0 -0 0
8.75000 -0 -0 0
8.75500 -0 -0 0
8.76000 -0 -0 0
8.76500 -0 -0 0
8.77000 -0 -0 0
8.77500 -0 -0 0
8.78000 -0 -0 0
8.78500 -0 -0 0
8.79000 -0 -0 0
8.79500 -0 -0 0
8.80000 -0 -0 0
8.80500 -0 -0 0
8.81000 -0 -0 0
8.81500 -0 -0 0
8.82000 -0 -0 0
8.82500 -0 -0 0
8.83000 -0 -0 0
8.83500 -0 -0 0
8.84000 -0 -0 0
8.84500 -0 -0 0
8.85000 -0 -0 0
8.85500 -0 -0 0
8.86000 -0 -0 0
8.86500 -0 -0 0
8.87000 -0 -0 0
8.87500 -0 -0 0
8.88000 -0 -0 0
8.88500 -0 -0 0
8.89000 -0 -0 0
8.89500 -0 -0 0
8.90000 -0 -0 0
8.90500 -0 -0 0
8.91000 -0 -0 0
8.91500 -0 -0 0
8.92000 -0 -0 0
8.92500 -0 -0 0
8.93000 -0 -0 0
8.93500 -0 -0 0
8.94000 -0 -0 0
8.94500 -0 -0 0
8.95000 -0 -0 0
8.95500 -0 -0 0
8.96000 -0 -0 0
8.96500 -0 -0 0
8.97000 -0 -0 0
8.97500 -0 -0 0
8.98000 -0 -0 0
8.98500 -0 -0 0
8.99000 -0 -0 0
8.99500 -0 -0 0
9.00000 -0 -0 0
9.00500 -0 -0 0
9.01000 -0 -0 0
9.01500 -0 -0 0
9.02000 -0 -0 0
9.02500 -0 -0 0
9.03000 -0 -0 0
9.03500 -0 -0 0
9.04000 -0 -0 0
9.04500 -0 -0 0
9.05000 -0 -0 0
9.05500 -0 -0 0
9.06000 -0 -0 0
9.06500 -0 -0 0
9.07000 -0 -0 0
9.07500 -0 -0 0
9.08000 -0 -0 0
9.08500 -0 -0 0
9.09000 -0 -0 0
9.09500 -0 -0 0
9.10000 -0 -0 0
9.10500 -0 -0 0
9.11000 -0 -0 0
9.11500 -0 -0 0
9.12000 -0 -0 0
9.12500 -0 -0 0
9.13000 -0 -0 0
9.13500 -0 -0 0
9.14000 -0 -0 0
9.14500 -0 -0 0
9.15000 -0 -0 0
9.15500 -0 -0 0
9.16000 -0 -0 0
9.16500 -0 -0 0
9.17000 -0 -0 0
9.17500 -0 -0 0
9.18000 -0 -0 0
9.18500 -0 0 0
9.19000 -0 0 0
9.19500 -0 0 0
9.20000 -0 0 0
9.20500 -0 0 0
9.21000 -0 0 0
9.21500 -0 0 0
9.22000 -0 0 0
9.22500 -0 0 0
9.23000 -0 0 0
9.23500 -0 0 0
9.24000 -0 0 0
9.24500 -0 0 0
9.25000 -0 0 0
9.25500 -0 0 0
9.26000 -0 0 0
9.26500 -0 0 0
9.27000 -0 0 0
9.27500 -0 0 0
9.28000 -0 0 0
9.28500 -0 0 0
9.29000 -0 0 0
9.29500 -0 0 0
9.30000 -0 0 0
9.30500 -0 0 0
9.31000 -0 0 0
9.31500 -0 0 0
9.32000 -0 0 0
9.32500 -0 0 0
9.33000 -0 0 0
9.33500 -0 0 0
9.34000 -0 0 0
9.34500 -0 0 0
9.35000 -0 0 0
9.35500 -0 0 0
9.36000 -0 0 0
9.36500 -0 0 0
9.37000 -0 0 0
9.37500 -0 0 0
9.38000 -0 0 0
9.38500 -0 0 0
9.39000 -0 0 0
9.39500 -0 0 0
9.40000 -0 0 0
9.40500 -0 0 0
9.41000 -0 0 0
9.41500 -0 0 0
9.42000 -0 0 0
9.42500 -0 0 0
9.43000 -0 0 0
9.43500 -0 0 0
9.44000 -0 0 0
9.44500 -0 0 0
9.45000 -0 0 0
9.45500 -0 0 0
9.46000 -0 0 0
9.46500 -0 0 0
9.47000 -0 0 0
9.47500 -0 0 0
9.48000 -0 0 0
9.48500 -0 0 0
9.49000 -0 0 0
9.49500 -0 0 0
9.50000 -0 0 0
9.50500 0 0 0
9.51000 0 0 0
9.51500 0 0 0
9.52000 0 0 0
9.52500 0 0 0
9.53000 0 0 0
9.53500 0 0 0
9.54000 0 0 0
9.54500 0 0 0
9.55000 0 0 0
9.55500 0 0 0
9.56000 0 0 0
9.56500 0 0 0
9.57000 0 0 0
9.57500 0 0 0
9.58000 0 0 0
9.58500 0 0 0
9.59000 0 0 0
9.59500 0 0 0
9.60000 0 0 0
9.60500 0 0 0
9.61000 0 0 0
9.61500 0 0 0
9.62000 0 0 0
9.62500 0 0 0
9.63000 0 0 0
9.63500 0 0 0
9.64000 0 0 0
9.64500 0 0 0
9.65000 0 0 0
9.65500 0 0 0
9.66000 0 0 0
9.66500 0 0 0
9.67000 0 0 0
9.67500 0 0 0
9.68000 0 0 0
9.68500 0 0 0
9.69000 0 0 0
9.69500 0 0 0
9.70000 0 0 0
9.70500 0 0 0
9.71000 0 0 0
9.71500 0 0 0
9.72000 0 0 0
9.72500 0 0 0
9.73000 0 0 0
9.73500 0 0 0
9.74000 0 0 0
9.74500 0 0 0
9.75000 0 0 0
9.75500 0 0 0
9.76000 0 0 0
9.76500 0 0 0
9.77000 0 0 0
9.77500 0 0 0
9.78000 0 0 0
9.78500 0 0 0
9.79000 0 0 0
9.79500 0 0 0
9.80000 0 0 0
9.80500 0 0 0
9.81000 0 0 0
9.81500 0 0 0
9.82000 0 0 0
9.82500 0 0 0
9.83000 0 0 0
9.83500 0 0 0
9.84000 0 0 0
9.84500 0 0 0
9.85000 0 0 0
9.85500 0 0 0
9.86000 0 0 0
9.86500 0 0 0
9.87000 0 0 0
9.87500 0 0 0
9.88000 0 0 0
9.88500 0 0 0
9.89000 0 0 0
9.89500 0 0 0
9.90000 0 0 0
9.90500 0 0 0
9.91000 0 0 0
9.91500 0 0 0
9.92000 0 0 0
9.92500 0 0 0
9.93000 0 0 0
9.93500 0 0 0
9.94000 0 0 0
9.94500 0 0 0
9.95000 0 0 0
9.95500 0 0 0
9.96000 0 0 0
9.96500 0 0 0
9.97000 0 0 0
9.97500 0 0 0
9.98000 0 0 0
9.98500 0 0 0
9.99000 0 0 0
9.99500 0 0 0
10.00000 0 0 0
