0.00000 0.00054113
0.02500 0.00060627
0.05000 0.00067005
0.07500 0.00073125
0.10000 0.00078854
0.12500 0.00084054
0.15000 0.00088576
0.17500 0.00092266
0.20000 0.00094968
0.22500 0.00096522
0.25000 0.00096772
0.27500 0.00095564
0.30000 0.00092751
0.32500 0.00088199
0.35000 0.00081784
0.37500 0.00073403
0.40000 0.00062972
0.42500 0.00050432
0.45000 0.00035750
0.47500 0.00018928
0.50000 -0.00000000
0.52500 -0.00020962
0.55000 -0.00043847
0.57500 -0.00068502
0.60000 -0.00094728
0.62500 -0.00122287
0.65000 -0.00150892
0.67500 -0.00180214
0.70000 -0.00209884
0.72500 -0.00239489
0.75000 -0.00268580
0.77500 -0.00296678
0.80000 -0.00323271
0.82500 -0.00347829
0.85000 -0.00369804
0.87500 -0.00388640
0.90000 -0.00403782
0.92500 -0.00414683
0.95000 -0.00420817
0.97500 -0.00421683
1.00000 -0.00416822
1.02500 -0.00405823
1.05000 -0.00388334
1.07500 -0.00364075
1.10000 -0.00332845
1.12500 -0.00294531
1.15000 -0.00249119
1.17500 -0.00196700
1.20000 -0.00137474
1.22500 -0.00071762
1.25000 0.00000000
1.27500 0.00077252
1.30000 0.00159315
1.32500 0.00245390
1.35000 0.00334564
1.37500 0.00425815
1.40000 0.00518024
1.42500 0.00609982
1.45000 0.00700405
1.47500 0.00787948
1.50000 0.00871224
1.52500 0.00948819
1.55000 0.01019314
1.57500 0.01081308
1.60000 0.01133438
1.62500 0.01174401
1.65000 0.01202980
1.67500 0.01218066
1.70000 0.01218681
1.72500 0.01203998
1.75000 0.01173364
1.77500 0.01126319
1.80000 0.01062609
1.82500 0.00982204
1.85000 0.00885310
1.87500 0.00772373
1.90000 0.00644089
1.92500 0.00501401
1.95000 0.00345499
1.97500 0.00177812
2.00000 0.00000000
2.02500 -0.00186065
2.05000 -0.00378314
2.07500 -0.00574506
2.10000 -0.00772252
2.12500 -0.00969045
2.15000 -0.01162293
2.17500 -0.01349352
2.20000 -0.01527567
2.22500 -0.01694305
2.25000 -0.01846998
2.27500 -0.01983182
2.30000 -0.02100536
2.32500 -0.02196920
2.35000 -0.02270414
2.37500 -0.02319350
2.40000 -0.02342346
2.42500 -0.02338333
2.45000 -0.02306578
2.47500 -0.02246708
2.50000 -0.02158721
2.52500 -0.02042997
2.55000 -0.01900302
2.57500 -0.01731784
2.60000 -0.01538969
2.62500 -0.01323745
2.65000 -0.01088343
2.67500 -0.00835310
2.70000 -0.00567481
2.72500 -0.00287945
2.75000 -0.00000000
2.77500 0.00292886
2.80000 0.00587123
2.82500 0.00879050
2.85000 0.01164986
2.87500 0.01441280
2.90000 0.01704364
2.92500 0.01950810
2.95000 0.02177372
2.97500 0.02381039
3.00000 0.02559081
3.02500 0.02709087
3.05000 0.02829002
3.07500 0.02917159
3.10000 0.02972307
3.12500 0.02993627
3.15000 0.02980747
3.17500 0.02933749
3.20000 0.02853170
3.22500 0.02739989
3.25000 0.02595622
3.27500 0.02421895
3.30000 0.02221022
3.32500 0.01995568
3.35000 0.01748419
3.37500 0.01482732
3.40000 0.01201896
3.42500 0.00909476
3.45000 0.00609169
3.47500 0.00304746
3.50000 0.00000000
3.52500 -0.00301309
3.55000 -0.00595506
3.57500 -0.00879050
3.60000 -0.01148586
3.62500 -0.01400985
3.65000 -0.01633392
3.67500 -0.01843256
3.70000 -0.02028365
3.72500 -0.02186869
3.75000 -0.02317304
3.77500 -0.02418603
3.80000 -0.02490104
3.82500 -0.02531554
3.85000 -0.02543100
3.87500 -0.02525283
3.90000 -0.02479021
3.92500 -0.02405586
3.95000 -0.02306578
3.97500 -0.02183897
4.00000 -0.02039705
4.02500 -0.01876394
4.05000 -0.01696540
4.07500 -0.01502868
4.10000 -0.01298202
4.12500 -0.01085431
4.15000 -0.00867459
4.17500 -0.00647167
4.20000 -0.00427372
4.22500 -0.00210789
4.25000 -0.00000000
4.27500 0.00202586
4.30000 0.00394752
4.32500 0.00574506
4.35000 0.00740095
4.37500 0.00890021
4.40000 0.01023057
4.42500 0.01138250
4.45000 0.01234926
4.47500 0.01312684
4.50000 0.01371397
4.52500 0.01411196
4.55000 0.01432462
4.57500 0.01435805
4.60000 0.01422048
4.62500 0.01392207
4.65000 0.01347462
4.67500 0.01289140
4.70000 0.01218681
4.72500 0.01137618
4.75000 0.01047550
4.77500 0.00950110
4.80000 0.00846948
4.82500 0.00739701
4.85000 0.00629971
4.87500 0.00519306
4.90000 0.00409178
4.92500 0.00300969
4.95000 0.00195954
4.97500 0.00095288
5.00000 0.00000000
5.02500 -0.00089020
5.05000 -0.00171019
5.07500 -0.00245390
5.10000 -0.00311668
5.12500 -0.00369529
5.15000 -0.00418784
5.17500 -0.00459379
5.20000 -0.00491379
5.22500 -0.00514966
5.25000 -0.00530426
5.27500 -0.00538135
5.30000 -0.00538555
5.32500 -0.00532212
5.35000 -0.00519693
5.37500 -0.00501624
5.40000 -0.00478668
5.42500 -0.00451503
5.45000 -0.00420817
5.47500 -0.00387295
5.50000 -0.00351611
5.52500 -0.00314416
5.55000 -0.00276332
5.57500 -0.00237943
5.60000 -0.00199793
5.62500 -0.00162377
5.65000 -0.00126141
5.67500 -0.00091477
5.70000 -0.00058720
5.72500 -0.00028152
5.75000 -0.00000000
5.77500 0.00025565
5.80000 0.00048422
5.82500 0.00068502
5.85000 0.00085779
5.87500 0.00100271
5.90000 0.00112037
5.92500 0.00121167
5.95000 0.00127783
5.97500 0.00132032
6.00000 0.00134081
6.02500 0.00134115
6.05000 0.00132330
6.07500 0.00128930
6.10000 0.00124125
6.12500 0.00118123
6.15000 0.00111130
6.17500 0.00103348
6.20000 0.00094968
6.22500 0.00086173
6.25000 0.00077132
6.27500 0.00068001
6.30000 0.00058923
6.32500 0.00050023
6.35000 0.00041411
6.37500 0.00033182
6.40000 0.00025415
6.42500 0.00018171
6.45000 0.00011500
6.47500 0.00005436
6.50000 0.00000000
6.52500 -0.00004798
6.55000 -0.00008960
6.57500 -0.00012498
6.60000 -0.00015429
6.62500 -0.00017782
6.65000 -0.00019589
6.67500 -0.00020887
6.70000 -0.00021718
6.72500 -0.00022124
6.75000 -0.00022151
6.77500 -0.00021845
6.80000 -0.00021250
6.82500 -0.00020413
6.85000 -0.00019376
6.87500 -0.00018179
6.90000 -0.00016862
6.92500 -0.00015461
6.95000 -0.00014007
6.97500 -0.00012531
7.00000 -0.00011058
7.02500 -0.00009612
7.05000 -0.00008211
7.07500 -0.00006873
7.10000 -0.00005610
7.12500 -0.00004432
7.15000 -0.00003346
7.17500 -0.00002359
7.20000 -0.00001472
7.22500 -0.00000686
7.25000 -0.00000000
7.27500 0.00000589
7.30000 0.00001084
7.32500 0.00001490
7.35000 0.00001814
7.37500 0.00002061
7.40000 0.00002238
7.42500 0.00002353
7.45000 0.00002412
7.47500 0.00002423
7.50000 0.00002392
7.52500 0.00000000
7.55000 0.00000000
7.57500 0.00000000
7.60000 0.00000000
7.62500 0.00000000
7.65000 0.00000000
7.67500 0.00000000
7.70000 0.00000000
7.72500 0.00000000
7.75000 0.00000000
7.77500 0.00000000
7.80000 0.00000000
7.82500 0.00000000
7.85000 0.00000000
7.87500 0.00000000
7.90000 0.00000000
7.92500 0.00000000
7.95000 0.00000000
7.97500 0.00000000
8.00000 0.00000000
8.02500 0.00000000
8.05000 0.00000000
8.07500 0.00000000
8.10000 0.00000000
8.12500 0.00000000
8.15000 0.00000000
8.17500 0.00000000
8.20000 0.00000000
8.22500 0.00000000
8.25000 0.00000000
8.27500 0.00000000
8.30000 0.00000000
8.32500 0.00000000
8.35000 0.00000000
8.37500 0.00000000
8.40000 0.00000000
8.42500 0.00000000
8.45000 0.00000000
8.47500 0.00000000
8.50000 0.00000000
8.52500 0.00000000
8.55000 0.00000000
8.57500 0.00000000
8.60000 0.00000000
8.62500 0.00000000
8.65000 0.00000000
8.67500 0.00000000
8.70000 0.00000000
8.72500 0.00000000
8.75000 0.00000000
8.77500 0.00000000
8.80000 0.00000000
8.82500 0.00000000
8.85000 0.00000000
8.87500 0.00000000
8.90000 0.00000000
8.92500 0.00000000
8.95000 0.00000000
8.97500 0.00000000
9.00000 0.00000000
9.02500 0.00000000
9.05000 0.00000000
9.07500 0.00000000
9.10000 0.00000000
9.12500 0.00000000
9.15000 0.00000000
9.17500 0.00000000
9.20000 0.00000000
9.22500 0.00000000
9.25000 0.00000000
9.27500 0.00000000
9.30000 0.00000000
9.32500 0.00000000
9.35000 0.00000000
9.37500 0.00000000
9.40000 0.00000000
9.42500 0.00000000
9.45000 0.00000000
9.47500 0.00000000
9.50000 0.00000000
9.52500 0.00000000
9.55000 0.00000000
9.57500 0.00000000
9.60000 0.00000000
9.62500 0.00000000
9.65000 0.00000000
9.67500 0.00000000
9.70000 0.00000000
9.72500 0.00000000
9.75000 0.00000000
9.77500 0.00000000
9.80000 0.00000000
9.82500 0.00000000
9.85000 0.00000000
9.87500 0.00000000
9.90000 0.00000000
9.92500 0.00000000
9.95000 0.00000000
9.97500 0.00000000
10.00000 0.00000000
10.02500 0.00000000
10.05000 0.00000000
10.07500 0.00000000
10.10000 0.00000000
10.12500 0.00000000
10.15000 0.00000000
10.17500 0.00000000
10.20000 0.00000000
10.22500 0.00000000
10.25000 0.00000000
10.27500 0.00000000
10.30000 0.00000000
10.32500 0.00000000
10.35000 0.00000000
10.37500 0.00000000
10.40000 0.00000000
10.42500 0.00000000
10.45000 0.00000000
10.47500 0.00000000
10.50000 0.00000000
10.52500 0.00000000
10.55000 0.00000000
10.57500 0.00000000
10.60000 0.00000000
10.62500 0.00000000
10.65000 0.00000000
10.67500 0.00000000
10.70000 0.00000000
10.72500 0.00000000
10.75000 0.00000000
10.77500 0.00000000
10.80000 0.00000000
10.82500 0.00000000
10.85000 0.00000000
10.87500 0.00000000
10.90000 0.00000000
10.92500 0.00000000
10.95000 0.00000000
10.97500 0.00000000
11.00000 0.00000000
11.02500 0.00000000
11.05000 0.00000000
11.07500 0.00000000
11.10000 0.00000000
11.12500 0.00000000
11.15000 0.00000000
11.17500 0.00000000
11.20000 0.00000000
11.22500 0.00000000
11.25000 0.00000000
11.27500 0.00000000
11.30000 0.00000000
11.32500 0.00000000
11.35000 0.00000000
11.37500 0.00000000
11.40000 0.00000000
11.42500 0.00000000
11.45000 0.00000000
11.47500 0.00000000
11.50000 0.00000000
11.52500 0.00000000
11.55000 0.00000000
11.57500 0.00000000
11.60000 0.00000000
11.62500 0.00000000
11.65000 0.00000000
11.67500 0.00000000
11.70000 0.00000000
11.72500 0.00000000
11.75000 0.00000000
11.77500 0.00000000
11.80000 0.00000000
11.82500 0.00000000
11.85000 0.00000000
11.87500 0.00000000
11.90000 0.00000000
11.92500 0.00000000
11.95000 0.00000000
11.97500 0.00000000
12.00000 0.00000000
12.02500 0.00000000
12.05000 0.00000000
12.07500 0.00000000
12.10000 0.00000000
12.12500 0.00000000
12.15000 0.00000000
12.17500 0.00000000
12.20000 0.00000000
12.22500 0.00000000
12.25000 0.00000000
12.27500 0.00000000
12.30000 0.00000000
12.32500 0.00000000
12.35000 0.00000000
12.37500 0.00000000
12.40000 0.00000000
12.42500 0.00000000
12.45000 0.00000000
12.47500 0.00000000
12.50000 0.00000000
12.52500 0.00000000
12.55000 0.00000000
12.57500 0.00000000
12.60000 0.00000000
12.62500 0.00000000
12.65000 0.00000000
12.67500 0.00000000
12.70000 0.00000000
12.72500 0.00000000
12.75000 0.00000000
12.77500 0.00000000
12.80000 0.00000000
12.82500 0.00000000
12.85000 0.00000000
12.87500 0.00000000
12.90000 0.00000000
12.92500 0.00000000
12.95000 0.00000000
12.97500 0.00000000
13.00000 0.00000000
13.02500 0.00000000
13.05000 0.00000000
13.07500 0.00000000
13.10000 0.00000000
13.12500 0.00000000
13.15000 0.00000000
13.17500 0.00000000
13.20000 0.00000000
13.22500 0.00000000
13.25000 0.00000000
13.27500 0.00000000
13.30000 0.00000000
13.32500 0.00000000
13.35000 0.00000000
13.37500 0.00000000
13.40000 0.00000000
13.42500 0.00000000
13.45000 0.00000000
13.47500 0.00000000
13.50000 0.00000000
13.52500 0.00000000
13.55000 0.00000000
13.57500 0.00000000
13.60000 0.00000000
13.62500 0.00000000
13.65000 0.00000000
13.67500 0.00000000
13.70000 0.00000000
13.72500 0.00000000
13.75000 0.00000000
13.77500 0.00000000
13.80000 0.00000000
13.82500 0.00000000
13.85000 0.00000000
13.87500 0.00000000
13.90000 0.00000000
13.92500 0.00000000
13.95000 0.00000000
13.97500 0.00000000
14.00000 0.00000000
14.02500 0.00000000
14.05000 0.00000000
14.07500 0.00000000
14.10000 0.00000000
14.12500 0.00000000
14.15000 0.00000000
14.17500 0.00000000
14.20000 0.00000000
14.22500 0.00000000
14.25000 0.00000000
14.27500 0.00000000
14.30000 0.00000000
14.32500 0.00000000
14.35000 0.00000000
14.37500 0.00000000
14.40000 0.00000000
14.42500 0.00000000
14.45000 0.00000000
14.47500 0.00000000
14.50000 0.00000000
14.52500 0.00000000
14.55000 0.00000000
14.57500 0.00000000
14.60000 0.00000000
14.62500 0.00000000
14.65000 0.00000000
14.67500 0.00000000
14.70000 0.00000000
14.72500 0.00000000
14.75000 0.00000000
14.77500 0.00000000
14.80000 0.00000000
14.82500 0.00000000
14.85000 0.00000000
14.87500 0.00000000
14.90000 0.00000000
14.92500 0.00000000
14.95000 0.00000000
14.97500 0.00000000
15.00000 0.00000000
15.02500 0.00000000
15.05000 0.00000000
15.07500 0.00000000
15.10000 0.00000000
15.12500 0.00000000
15.15000 0.00000000
15.17500 0.00000000
15.20000 0.00000000
15.22500 0.00000000
15.25000 0.00000000
15.27500 0.00000000
15.30000 0.00000000
15.32500 0.00000000
15.35000 0.00000000
15.37500 0.00000000
15.40000 0.00000000
15.42500 0.00000000
15.45000 0.00000000
15.47500 0.00000000
15.50000 0.00000000
15.52500 0.00000000
15.55000 0.00000000
15.57500 0.00000000
15.60000 0.00000000
15.62500 0.00000000
15.65000 0.00000000
15.67500 0.00000000
15.70000 0.00000000
15.72500 0.00000000
15.75000 0.00000000
15.77500 0.00000000
15.80000 0.00000000
15.82500 0.00000000
15.85000 0.00000000
15.87500 0.00000000
15.90000 0.00000000
15.92500 0.00000000
15.95000 0.00000000
15.97500 0.00000000
16.00000 0.00000000
