#Time;Degrees
0.000000;0.000000000
0.005000;0.000000000
0.010000;0.000000000
0.015000;0.000000000
0.020000;0.000000000
0.025000;0.000000000
0.030000;0.000000000
0.035000;0.000000000
0.040000;0.000000000
0.045000;0.000000000
0.050000;0.000000000
0.055000;0.000000000
0.060000;0.000000000
0.065000;0.000000000
0.070000;0.000000000
0.075000;0.000000000
0.080000;0.000000000
0.085000;0.000000000
0.090000;0.000000000
0.095000;0.000000000
0.100000;0.000000000
0.105000;0.000000000
0.110000;0.000000000
0.115000;0.000000000
0.120000;0.000000000
0.125000;0.000000000
0.130000;0.000000000
0.135000;0.000000000
0.140000;0.000000000
0.145000;0.000000000
0.150000;0.000000000
0.155000;0.000000000
0.160000;0.000000000
0.165000;0.000000000
0.170000;0.000000000
0.175000;0.000000000
0.180000;0.000000000
0.185000;0.000000000
0.190000;0.000000000
0.195000;0.000000000
0.200000;0.000000000
0.205000;0.000000000
0.210000;0.000000000
0.215000;0.000000000
0.220000;0.000000000
0.225000;0.000000000
0.230000;0.000000000
0.235000;0.000000000
0.240000;0.000000000
0.245000;0.000000000
0.250000;0.000000000
0.255000;0.000000000
0.260000;0.000000000
0.265000;0.000000000
0.270000;0.000000000
0.275000;0.000000000
0.280000;0.000000000
0.285000;0.000000000
0.290000;0.000000000
0.295000;0.000000000
0.300000;0.000000000
0.305000;0.000000000
0.310000;0.000000000
0.315000;0.000000000
0.320000;0.000000000
0.325000;0.000000000
0.330000;0.000000000
0.335000;0.000000000
0.340000;0.000000000
0.345000;0.000000000
0.350000;0.000000000
0.355000;0.000000000
0.360000;0.000000000
0.365000;0.000000000
0.370000;0.000000000
0.375000;0.000000000
0.380000;0.000000000
0.385000;0.000000000
0.390000;0.000000000
0.395000;0.000000000
0.400000;0.000000000
0.405000;0.000000000
0.410000;0.000000000
0.415000;0.000000000
0.420000;0.000000000
0.425000;0.000000000
0.430000;0.000000000
0.435000;0.000000000
0.440000;0.000000000
0.445000;0.000000000
0.450000;0.000000000
0.455000;0.000000000
0.460000;0.000000000
0.465000;0.000000000
0.470000;0.000000000
0.475000;0.000000000
0.480000;0.000000000
0.485000;0.000000000
0.490000;0.000000000
0.495000;0.000000000
0.500000;0.000000000
0.505000;-0.004497802
0.510000;-0.017990439
0.515000;-0.040475597
0.520000;-0.071949425
0.525000;-0.112406530
0.530000;-0.161839979
0.535000;-0.220241302
0.540000;-0.287600493
0.545000;-0.363906010
0.550000;-0.449144778
0.555000;-0.543302192
0.560000;-0.646362119
0.565000;-0.758306899
0.570000;-0.879117353
0.575000;-1.008772779
0.580000;-1.147250961
0.585000;-1.294528173
0.590000;-1.450579179
0.595000;-1.615377240
0.600000;-1.788894120
0.605000;-1.971100086
0.610000;-2.161963919
0.615000;-2.361452916
0.620000;-2.569532895
0.625000;-2.786168202
0.630000;-3.011321718
0.635000;-3.244954864
0.640000;-3.487027609
0.645000;-3.737498474
0.650000;-3.996324543
0.655000;-4.263461467
0.660000;-4.538863474
0.665000;-4.822483374
0.670000;-5.114272572
0.675000;-5.414181070
0.680000;-5.722157480
0.685000;-6.038149033
0.690000;-6.362101585
0.695000;-6.693959629
0.700000;-7.033666301
0.705000;-7.381163396
0.710000;-7.736391371
0.715000;-8.099289361
0.720000;-8.469795183
0.725000;-8.847845354
0.730000;-9.233375097
0.735000;-9.626318354
0.740000;-10.026607795
0.745000;-10.434174834
0.750000;-10.848949635
0.755000;-11.270861129
0.760000;-11.699837024
0.765000;-12.135803816
0.770000;-12.578686806
0.775000;-13.028410107
0.780000;-13.484896662
0.785000;-13.948068255
0.790000;-14.417845522
0.795000;-14.894147970
0.800000;-15.376893988
0.805000;-15.866000858
0.810000;-16.361384776
0.815000;-16.862960860
0.820000;-17.370643166
0.825000;-17.884344707
0.830000;-18.403977463
0.835000;-18.929452396
0.840000;-19.460679470
0.845000;-19.997567661
0.850000;-20.540024977
0.855000;-21.087958470
0.860000;-21.641274255
0.865000;-22.199877523
0.870000;-22.763672561
0.875000;-23.332562766
0.880000;-23.906450662
0.885000;-24.485237914
0.890000;-25.068825352
0.895000;-25.657112981
0.900000;-26.250000000
0.905000;-26.847384821
0.910000;-27.449165086
0.915000;-28.055237683
0.920000;-28.665498764
0.925000;-29.279843764
0.930000;-29.898167418
0.935000;-30.520363779
0.940000;-31.146326239
0.945000;-31.775947540
0.950000;-32.409119801
0.955000;-33.045734531
0.960000;-33.685682649
0.965000;-34.328854503
0.970000;-34.975139890
0.975000;-35.624428072
0.980000;-36.276607795
0.985000;-36.931567314
0.990000;-37.589194403
0.995000;-38.249376382
1.000000;-38.912000132
1.005000;-39.576952116
1.010000;-40.244118398
1.015000;-40.913384661
1.020000;-41.584636232
1.025000;-42.257758094
1.030000;-42.932634912
1.035000;-43.609151048
1.040000;-44.287190585
1.045000;-44.966637345
1.050000;-45.647374908
1.055000;-46.329286633
1.060000;-47.012255678
1.065000;-47.696165020
1.070000;-48.380897474
1.075000;-49.066335715
1.080000;-49.752362297
1.085000;-50.438859673
1.090000;-51.125710214
1.095000;-51.812796233
1.100000;-52.500000000
1.105000;-53.187203767
1.110000;-53.874289786
1.115000;-54.561140327
1.120000;-55.247637703
1.125000;-55.933664285
1.130000;-56.619102526
1.135000;-57.303834980
1.140000;-57.987744322
1.145000;-58.670713367
1.150000;-59.352625092
1.155000;-60.033362655
1.160000;-60.712809415
1.165000;-61.390848952
1.170000;-62.067365088
1.175000;-62.742241906
1.180000;-63.415363768
1.185000;-64.086615339
1.190000;-64.755881602
1.195000;-65.423047884
1.200000;-66.087999868
1.205000;-66.750623618
1.210000;-67.410805597
1.215000;-68.068432686
1.220000;-68.723392205
1.225000;-69.375571928
1.230000;-70.024860110
1.235000;-70.671145497
1.240000;-71.314317351
1.245000;-71.954265469
1.250000;-72.590880199
1.255000;-73.224052460
1.260000;-73.853673761
1.265000;-74.479636221
1.270000;-75.101832582
1.275000;-75.720156236
1.280000;-76.334501236
1.285000;-76.944762317
1.290000;-77.550834914
1.295000;-78.152615179
1.300000;-78.750000000
1.305000;-79.342887019
1.310000;-79.931174648
1.315000;-80.514762086
1.320000;-81.093549338
1.325000;-81.667437234
1.330000;-82.236327439
1.335000;-82.800122477
1.340000;-83.358725745
1.345000;-83.912041530
1.350000;-84.459975023
1.355000;-85.002432339
1.360000;-85.539320530
1.365000;-86.070547604
1.370000;-86.596022537
1.375000;-87.115655293
1.380000;-87.629356834
1.385000;-88.137039140
1.390000;-88.638615224
1.395000;-89.133999142
1.400000;-89.623106012
1.405000;-90.105852030
1.410000;-90.582154478
1.415000;-91.051931745
1.420000;-91.515103338
1.425000;-91.971589893
1.430000;-92.421313194
1.435000;-92.864196184
1.440000;-93.300162976
1.445000;-93.729138871
1.450000;-94.151050365
1.455000;-94.565825166
1.460000;-94.973392205
1.465000;-95.373681646
1.470000;-95.766624903
1.475000;-96.152154646
1.480000;-96.530204817
1.485000;-96.900710639
1.490000;-97.263608629
1.495000;-97.618836604
1.500000;-97.966333699
1.505000;-98.306040371
1.510000;-98.637898415
1.515000;-98.961850967
1.520000;-99.277842520
1.525000;-99.585818930
1.530000;-99.885727428
1.535000;-100.177516626
1.540000;-100.461136526
1.545000;-100.736538533
1.550000;-101.003675457
1.555000;-101.262501526
1.560000;-101.512972391
1.565000;-101.755045136
1.570000;-101.988678282
1.575000;-102.213831798
1.580000;-102.430467105
1.585000;-102.638547084
1.590000;-102.838036081
1.595000;-103.028899914
1.600000;-103.211105880
1.605000;-103.384622760
1.610000;-103.549420821
1.615000;-103.705471827
1.620000;-103.852749039
1.625000;-103.991227221
1.630000;-104.120882647
1.635000;-104.241693101
1.640000;-104.353637881
1.645000;-104.456697808
1.650000;-104.550855222
1.655000;-104.636093990
1.660000;-104.712399507
1.665000;-104.779758698
1.670000;-104.838160021
1.675000;-104.887593470
1.680000;-104.928050575
1.685000;-104.959524403
1.690000;-104.982009561
1.695000;-104.995502198
1.700000;-105.000000000
1.705000;-105.000000000
1.710000;-105.000000000
1.715000;-105.000000000
1.720000;-105.000000000
1.725000;-105.000000000
1.730000;-105.000000000
1.735000;-105.000000000
1.740000;-105.000000000
1.745000;-105.000000000
1.750000;-105.000000000
1.755000;-105.000000000
1.760000;-105.000000000
1.765000;-105.000000000
1.770000;-105.000000000
1.775000;-105.000000000
1.780000;-105.000000000
1.785000;-105.000000000
1.790000;-105.000000000
1.795000;-105.000000000
1.800000;-105.000000000
1.805000;-105.000000000
1.810000;-105.000000000
1.815000;-105.000000000
1.820000;-105.000000000
1.825000;-105.000000000
1.830000;-105.000000000
1.835000;-105.000000000
1.840000;-105.000000000
1.845000;-105.000000000
1.850000;-105.000000000
1.855000;-105.000000000
1.860000;-105.000000000
1.865000;-105.000000000
1.870000;-105.000000000
1.875000;-105.000000000
1.880000;-105.000000000
1.885000;-105.000000000
1.890000;-105.000000000
1.895000;-105.000000000
1.900000;-105.000000000
1.905000;-105.000000000
1.910000;-105.000000000
1.915000;-105.000000000
1.920000;-105.000000000
1.925000;-105.000000000
1.930000;-105.000000000
1.935000;-105.000000000
1.940000;-105.000000000
1.945000;-105.000000000
1.950000;-105.000000000
1.955000;-105.000000000
1.960000;-105.000000000
1.965000;-105.000000000
1.970000;-105.000000000
1.975000;-105.000000000
1.980000;-105.000000000
1.985000;-105.000000000
1.990000;-105.000000000
1.995000;-105.000000000
2.000000;-105.000000000
2.005000;-105.000000000
2.010000;-105.000000000
2.015000;-105.000000000
2.020000;-105.000000000
2.025000;-105.000000000
2.030000;-105.000000000
2.035000;-105.000000000
2.040000;-105.000000000
2.045000;-105.000000000
2.050000;-105.000000000
2.055000;-105.000000000
2.060000;-105.000000000
2.065000;-105.000000000
2.070000;-105.000000000
2.075000;-105.000000000
2.080000;-105.000000000
2.085000;-105.000000000
2.090000;-105.000000000
2.095000;-105.000000000
2.100000;-105.000000000
2.105000;-105.000000000
2.110000;-105.000000000
2.115000;-105.000000000
2.120000;-105.000000000
2.125000;-105.000000000
2.130000;-105.000000000
2.135000;-105.000000000
2.140000;-105.000000000
2.145000;-105.000000000
2.150000;-105.000000000
2.155000;-105.000000000
2.160000;-105.000000000
2.165000;-105.000000000
2.170000;-105.000000000
2.175000;-105.000000000
2.180000;-105.000000000
2.185000;-105.000000000
2.190000;-105.000000000
2.195000;-105.000000000
2.200000;-105.000000000
2.205000;-105.000000000
2.210000;-105.000000000
2.215000;-105.000000000
2.220000;-105.000000000
2.225000;-105.000000000
2.230000;-105.000000000
2.235000;-105.000000000
2.240000;-105.000000000
2.245000;-105.000000000
2.250000;-105.000000000
2.255000;-105.000000000
2.260000;-105.000000000
2.265000;-105.000000000
2.270000;-105.000000000
2.275000;-105.000000000
2.280000;-105.000000000
2.285000;-105.000000000
2.290000;-105.000000000
2.295000;-105.000000000
2.300000;-105.000000000
2.305000;-105.000000000
2.310000;-105.000000000
2.315000;-105.000000000
2.320000;-105.000000000
2.325000;-105.000000000
2.330000;-105.000000000
2.335000;-105.000000000
2.340000;-105.000000000
2.345000;-105.000000000
2.350000;-105.000000000
2.355000;-105.000000000
2.360000;-105.000000000
2.365000;-105.000000000
2.370000;-105.000000000
2.375000;-105.000000000
2.380000;-105.000000000
2.385000;-105.000000000
2.390000;-105.000000000
2.395000;-105.000000000
2.400000;-105.000000000
2.405000;-105.000000000
2.410000;-105.000000000
2.415000;-105.000000000
2.420000;-105.000000000
2.425000;-105.000000000
2.430000;-105.000000000
2.435000;-105.000000000
2.440000;-105.000000000
2.445000;-105.000000000
2.450000;-105.000000000
2.455000;-105.000000000
2.460000;-105.000000000
2.465000;-105.000000000
2.470000;-105.000000000
2.475000;-105.000000000
2.480000;-105.000000000
2.485000;-105.000000000
2.490000;-105.000000000
2.495000;-105.000000000
2.500000;-105.000000000
