#Time;Degrees
0.000000;0.000000000
0.010000;0.000000000
0.020000;0.000000000
0.030000;0.000000000
0.040000;0.000000000
0.050000;0.000000000
0.060000;0.000000000
0.070000;0.000000000
0.080000;0.000000000
0.090000;0.000000000
0.100000;0.000000000
0.110000;0.000000000
0.120000;0.000000000
0.130000;0.000000000
0.140000;0.000000000
0.150000;0.000000000
0.160000;0.000000000
0.170000;0.000000000
0.180000;0.000000000
0.190000;0.000000000
0.200000;0.000000000
0.210000;0.000000000
0.220000;0.000000000
0.230000;0.000000000
0.240000;0.000000000
0.250000;0.000000000
0.260000;0.000000000
0.270000;0.000000000
0.280000;0.000000000
0.290000;0.000000000
0.300000;0.000000000
0.310000;0.000000000
0.320000;0.000000000
0.330000;0.000000000
0.340000;0.000000000
0.350000;0.000000000
0.360000;0.000000000
0.370000;0.000000000
0.380000;0.000000000
0.390000;0.000000000
0.400000;0.000000000
0.410000;0.000000000
0.420000;0.000000000
0.430000;0.000000000
0.440000;0.000000000
0.450000;0.000000000
0.460000;0.000000000
0.470000;0.000000000
0.480000;0.000000000
0.490000;0.000000000
0.500000;0.000000000
0.510000;-0.035854342
0.520000;-0.143368397
0.530000;-0.322395313
0.540000;-0.572690561
0.550000;-0.893912267
0.560000;-1.285621681
0.570000;-1.747283776
0.580000;-2.278267976
0.590000;-2.877849022
0.600000;-3.545207956
0.610000;-4.279433248
0.620000;-5.079522034
0.630000;-5.944381489
0.640000;-6.872830319
0.650000;-7.863600374
0.660000;-8.915338382
0.670000;-10.026607795
0.680000;-11.195890753
0.690000;-12.421590156
0.700000;-13.702031846
0.710000;-15.035466893
0.720000;-16.420073987
0.730000;-17.853961919
0.740000;-19.335172172
0.750000;-20.861681590
0.760000;-22.431405146
0.770000;-24.042198785
0.780000;-25.691862358
0.790000;-27.378142622
0.800000;-29.098736322
0.810000;-30.851293333
0.820000;-32.633419873
0.830000;-34.442681772
0.840000;-36.276607795
0.850000;-38.132693021
0.860000;-40.008402260
0.870000;-41.901173519
0.880000;-43.808421500
0.890000;-45.727541132
0.900000;-47.655911128
0.910000;-49.590897567
0.920000;-51.529857490
0.930000;-53.470142510
0.940000;-55.409102433
0.950000;-57.344088872
0.960000;-59.272458868
0.970000;-61.191578500
0.980000;-63.098826481
0.990000;-64.991597740
1.000000;-66.867306979
1.010000;-68.723392205
1.020000;-70.557318228
1.030000;-72.366580127
1.040000;-74.148706667
1.050000;-75.901263678
1.060000;-77.621857378
1.070000;-79.308137642
1.080000;-80.957801215
1.090000;-82.568594854
1.100000;-84.138318410
1.110000;-85.664827828
1.120000;-87.146038081
1.130000;-88.579926013
1.140000;-89.964533107
1.150000;-91.297968154
1.160000;-92.578409844
1.170000;-93.804109247
1.180000;-94.973392205
1.190000;-96.084661618
1.200000;-97.136399626
1.210000;-98.127169681
1.220000;-99.055618511
1.230000;-99.920477966
1.240000;-100.720566752
1.250000;-101.454792044
1.260000;-102.122150978
1.270000;-102.721732024
1.280000;-103.252716224
1.290000;-103.714378319
1.300000;-104.106087733
1.310000;-104.427309439
1.320000;-104.677604687
1.330000;-104.856631603
1.340000;-104.964145658
1.350000;-105.000000000
1.360000;-105.000000000
1.370000;-105.000000000
1.380000;-105.000000000
1.390000;-105.000000000
1.400000;-105.000000000
1.410000;-105.000000000
1.420000;-105.000000000
1.430000;-105.000000000
1.440000;-105.000000000
1.450000;-105.000000000
1.460000;-105.000000000
1.470000;-105.000000000
1.480000;-105.000000000
1.490000;-105.000000000
1.500000;-105.000000000
1.510000;-105.000000000
1.520000;-105.000000000
1.530000;-105.000000000
1.540000;-105.000000000
1.550000;-105.000000000
1.560000;-105.000000000
1.570000;-105.000000000
1.580000;-105.000000000
1.590000;-105.000000000
1.600000;-105.000000000
1.610000;-105.000000000
1.620000;-105.000000000
1.630000;-105.000000000
1.640000;-105.000000000
1.650000;-105.000000000
1.660000;-105.000000000
1.670000;-105.000000000
1.680000;-105.000000000
1.690000;-105.000000000
1.700000;-105.000000000
1.710000;-105.000000000
1.720000;-105.000000000
1.730000;-105.000000000
1.740000;-105.000000000
1.750000;-105.000000000
1.760000;-105.000000000
1.770000;-105.000000000
1.780000;-105.000000000
1.790000;-105.000000000
1.800000;-105.000000000
1.810000;-105.000000000
1.820000;-105.000000000
1.830000;-105.000000000
1.840000;-105.000000000
1.850000;-105.000000000
1.860000;-105.000000000
1.870000;-105.000000000
1.880000;-105.000000000
1.890000;-105.000000000
1.900000;-105.000000000
1.910000;-105.000000000
1.920000;-105.000000000
1.930000;-105.000000000
1.940000;-105.000000000
1.950000;-105.000000000
1.960000;-105.000000000
1.970000;-105.000000000
1.980000;-105.000000000
1.990000;-105.000000000
2.000000;-105.000000000
2.010000;-105.000000000
2.020000;-105.000000000
2.030000;-105.000000000
2.040000;-105.000000000
2.050000;-105.000000000
2.060000;-105.000000000
2.070000;-105.000000000
2.080000;-105.000000000
2.090000;-105.000000000
2.100000;-105.000000000
2.110000;-105.000000000
2.120000;-105.000000000
2.130000;-105.000000000
2.140000;-105.000000000
2.150000;-105.000000000
2.160000;-105.000000000
2.170000;-105.000000000
2.180000;-105.000000000
2.190000;-105.000000000
2.200000;-105.000000000
2.210000;-105.000000000
2.220000;-105.000000000
2.230000;-105.000000000
2.240000;-105.000000000
2.250000;-105.000000000
2.260000;-105.000000000
2.270000;-105.000000000
2.280000;-105.000000000
2.290000;-105.000000000
2.300000;-105.000000000
2.310000;-105.000000000
2.320000;-105.000000000
2.330000;-105.000000000
2.340000;-105.000000000
2.350000;-105.000000000
2.360000;-105.000000000
2.370000;-105.000000000
2.380000;-105.000000000
2.390000;-105.000000000
2.400000;-105.000000000
2.410000;-105.000000000
2.420000;-105.000000000
2.430000;-105.000000000
2.440000;-105.000000000
2.450000;-105.000000000
2.460000;-105.000000000
2.470000;-105.000000000
2.480000;-105.000000000
2.490000;-105.000000000
2.500000;-105.000000000
